Generation: 0
353,294,-200,277,231,198-194,-345,61,-348,286,-288-316,206,345,205,-51,-57230,-37,4,-278,170,26
311,45,-109,-219,72,172-351,-13,-268,264,-76,-17732,306,-338,-305,244,-346-244,-55,-32,225,24,-198
273,-334,-152,92,274,-359-259,-129,-171,235,-242,125202,255,-240,273,122,-300-237,2,-351,-328,-219,-195
67,-318,25,243,56,98-173,-282,-48,260,186,-136-234,57,139,-207,-327,200356,-337,-226,169,230,218
314,330,219,-52,316,167-78,-114,4,-147,-200,-60-337,99,-225,-93,-196,279150,113,-323,-134,-151,241
133,-31,202,273,332,344-231,-197,298,123,-7,297-183,182,-304,257,-174,-223-138,-85,339,71,357,-235
168,77,166,-4,289,346-271,137,49,-359,-153,42-223,253,-267,55,332,-209,-228,278,-68,21,-335
26,-11,-61,228,59,207-13,323,58,176,2,-205-171,61,24,236,106,-307-122,302,-49,118,-220,273
-104,331,188,-300,155,-282172,-158,-350,278,-143,-136336,-97,-354,255,-272,-263-295,-125,82,210,109,-84
-5,73,-204,-263,23,-242162,184,308,-154,-212,-16084,-137,-57,225,-317,-117206,193,-349,-313,192,98
-115,-68,-135,270,276,-342208,-233,5,194,-134,198247,47,228,-27,-146,45193,157,222,-297,-156,-314
-64,0,-223,-297,121,269356,-265,-51,-145,-324,-1262,-312,-226,-166,234,256167,67,-337,-188,-71,253
-227,111,336,-115,196,-12863,-285,-73,0,-179,5237,-309,299,10,200,-12063,-276,151,-324,-210,-225
87,105,-212,-254,219,170-233,63,-37,306,183,-9289,-60,-119,-286,350,47-188,-156,262,-130,242,323
217,-170,209,-275,100,10-8,111,36,-351,150,-89225,59,-217,-241,344,332220,-181,-30,165,43,-99
276,-134,273,7,297,-40-233,113,-173,218,-320,-298-136,18,292,-134,56,-174-134,69,47,270,206,278
-257,-91,-304,-304,113,33480,-33,35,-325,210,263263,-176,60,-92,249,-265122,-262,60,-102,76,-335
-253,-157,-75,-181,25,-66-138,-313,30,17,-53,264196,-163,250,20,103,-117-334,224,186,-353,324,45
-201,45,-8,68,90,-198-193,294,78,358,-20,-5753,-34,23,-316,169,-166-62,74,-304,-4,166,249
-72,-116,-154,-25,217,83-356,-44,-287,-203,-178,-350224,250,-95,-292,-148,-15399,316,230,-298,326,19
-287,-173,271,12,-282,157133,-240,147,-322,265,304105,135,2,141,-173,254-46,-317,-104,-3,-301,-196
-50,-346,-113,43,-160,-296205,-8,183,109,-221,-11038,-156,118,51,-329,190-260,-178,-94,-299,-43,236
75,197,103,146,-33,-96329,-90,93,124,355,-178-54,151,-60,-167,-353,105281,-65,-65,153,20,113
-73,-148,-158,-16,-289,6752,-250,-91,-236,220,-91267,-104,339,48,-81,-105249,-340,357,165,-352,354
-246,226,-307,50,-225,86208,-80,-337,120,17,-13536,290,170,335,126,-344-302,242,-81,-143,-325,-168
-176,-99,-42,147,-168,169183,178,185,10,36,-255274,47,-245,289,348,141-151,-187,-188,324,-235,-295
-271,-267,-160,261,17,238-285,-48,-158,-232,162,-99210,175,-313,-252,230,198350,341,46,15,100,-226
-86,-109,78,-98,12,-59-238,327,-274,30,332,-308148,18,151,325,8,660,-74,-17,108,84,105
218,-52,212,192,303,22655,268,-80,322,-309,285-227,-157,-65,213,-29,-98120,-49,59,291,-31,-148
298,11,250,-206,255,292252,-286,-302,-290,-283,-227-253,-269,-61,303,-215,108209,-211,-60,125,247,-176
125,-29,25,246,212,-180113,-78,-303,172,-126,-166-111,91,314,327,107,-5577,150,-96,-353,227,-61
-349,-50,97,119,245,-57180,308,-84,94,81,-91-255,-8,-112,290,-71,-18189,237,295,293,179,146
-11,88,-144,-74,7,17261,-326,-253,272,286,-170-18,-309,-114,-33,-331,-124330,115,-96,36,326,276
-232,291,175,244,323,251213,306,150,135,316,277-190,-13,-42,19,288,11124,-198,-77,323,144,-225
-184,80,269,-75,43,-62152,-102,-273,-135,220,20-27,105,10,-189,302,-6823,323,-315,-87,298,70
348,-346,186,10,-213,24356,299,-25,28,-5,-262-77,-48,-63,149,-65,69-84,-271,-215,235,119,-221
-160,116,-208,249,-8,-154-84,-282,-69,67,-108,-63231,266,81,85,-131,-25114,-122,-70,-222,-311,-192
239,308,232,114,-181,-341231,-230,249,243,-93,251-96,261,-201,-111,-149,-159161,-226,125,89,-227,154
331,-197,88,353,-98,-78-305,6,8,298,-47,92222,104,270,-208,-326,132168,310,-290,-192,-76,0
184,-161,257,-234,-40,-138-147,-230,317,-84,-188,240-208,-14,-50,82,-100,278-79,-302,207,331,271,-75
3,-319,222,166,-18,-259-155,-235,-356,-300,-194,-164-12,341,-137,214,-317,12429,-105,-275,0,71,-57
291,107,8,-18,-62,225-16,304,-214,-327,-104,-2825,-353,66,222,-98,-1738,-196,349,82,243,-330
307,-334,-26,-96,-262,334-342,-202,36,230,-232,-139-342,323,-81,164,330,-262-342,124,307,-11,160,300
311,169,-263,226,-56,0-95,36,-298,14,-227,-246-133,-165,-297,218,131,-142142,-218,-91,354,-101,0
285,-164,205,-181,-77,148-2,-198,1,195,-54,11575,172,66,15,83,186193,117,-92,-46,259,118
268,-172,293,355,-53,-3280,-240,29,355,-63,107-71,-175,-226,-123,146,7277,69,-79,-207,-144,-288
-143,186,-175,130,-142,166-308,352,33,-236,6,327307,130,194,48,-45,-99-130,-305,148,79,-228,196
57,220,330,220,-216,-312-77,-84,-82,-151,329,234-262,186,127,134,-225,5-260,-314,-20,273,98,-59
216,-295,189,76,-10,183-58,76,25,-57,-354,-1231,-73,-174,255,-1,234-5,-19,335,275,-329,-346
-179,-350,170,-26,-128,-138-106,-221,-62,165,17,31316,40,-325,201,260,308355,359,-295,-7,33,-163
99,-104,-198,-213,-123,-255-61,-251,-74,307,252,-311190,-126,-344,272,-129,37206,-17,177,-154,267,-356
248,300,-67,-214,-98,-177-102,215,-208,-206,189,-98199,-216,-272,-165,-150,-37-16,-92,-250,321,-6,-358
-250,-359,-9,-11,-32,242-351,162,290,141,56,-276235,-56,148,117,270,232-93,-349,-3,227,-269,85
357,252,168,155,-300,249-37,349,-74,-187,325,-32-191,-85,-77,45,76,45201,-202,-85,143,343,-33
113,-92,-148,-346,-184,53-319,27,83,-100,174,-240-247,-70,330,-103,177,54-74,-105,270,-143,155,74
328,240,225,-90,-134,113-130,-348,-136,325,314,-16161,327,245,-195,24,113306,-275,-171,-254,-125,188
218,104,-276,-71,-308,342328,218,-345,195,264,-252106,160,-88,-28,-233,359271,301,-233,-130,81,-283
-249,-260,329,-117,-77,-139317,339,-323,177,172,248-273,255,137,-31,177,-59-313,117,-303,-198,-344,-260
-297,124,-170,265,-325,166320,325,-180,316,207,-303-348,-131,-125,338,326,-8116,180,30,317,-13,32
-178,-328,-137,80,-114,270101,-212,-292,-221,207,285-138,-235,-149,19,87,-3115,317,40,-97,248,-330
46,195,-297,357,-195,157-194,-140,44,305,234,-26974,-87,69,-148,-80,321-63,64,-185,-141,110,-6
40,-209,-256,-161,-146,138-98,138,23,-211,202,33294,199,39,196,-237,304139,73,-37,-81,329,212
-348,-286,164,-4,-176,226160,-56,-346,-179,-326,359-204,177,74,130,-187,-29-150,-350,-261,242,-250,115
-158,316,52,11,-170,14624,-130,345,-232,-126,-197-343,-230,-173,-282,-349,-147281,-179,124,56,202,-50
-154,-323,12,121,-327,2249,-276,322,60,-224,-3-315,187,-146,62,-349,-170-181,77,101,274,185,326
-316,-186,-174,-221,-116,300117,42,41,-30,-91,135-153,140,-348,-28,-305,239-359,24,199,210,-15,61
175,-352,343,-237,127,-216161,135,296,-196,-333,-167-160,-28,-20,-221,-288,351-176,257,353,-348,207,-41
314,-338,-216,-83,-160,-10295,81,335,-157,122,-1483,127,272,69,94,-166-56,334,-287,293,223,332
209,-154,26,333,185,279178,-177,359,33,-340,-252289,-255,319,12,136,-277298,337,-36,-184,-167,-6
191,-269,-265,265,165,-74321,94,264,-202,93,-71-23,-17,290,-215,-304,-137111,-143,75,-157,-15,-8
-116,269,321,216,114,42-240,-350,240,-101,-82,-164-220,191,171,16,-60,-24449,-105,171,301,32,-63
-286,-29,267,-101,6,-171-81,108,6,-164,-77,279-278,358,-280,344,246,-209272,44,87,-80,306,37
-323,206,199,-184,236,155-143,326,-125,-273,-342,341-328,257,135,302,-174,-346-37,-190,-138,-187,-184,-306
-249,-267,-135,4,200,-349-252,72,352,118,-240,-8920,275,24,-125,165,343-83,-345,-255,-204,222,-356
-323,86,300,-279,7,-93-25,177,213,-6,-312,47-93,-124,-232,-217,343,-226-70,-44,151,69,302,-350
-102,-259,225,35,234,158-70,185,-354,196,-148,6-350,-182,-279,-221,294,202-242,-36,294,-343,59,-164
-159,0,-202,-282,72,5-198,-108,-279,339,-303,-330-328,96,132,63,24,-2985,107,-211,97,-24,-109
-235,-328,-247,-324,301,41-55,212,30,117,-73,12-269,276,141,136,43,100-354,-356,176,4,116,-29
-67,293,277,-115,317,-336-123,190,31,-78,140,203-307,20,-150,-31,-39,-249-191,-84,-192,-197,51,-72
94,217,-116,169,20,-262262,206,12,110,-253,-22582,-45,293,-303,53,-309212,222,11,-20,-258,-218
26,202,76,-75,359,122155,108,102,-109,22,183120,113,301,269,-200,-140-218,171,52,359,-33,264
248,-186,-12,-332,182,12134,195,-188,-18,127,44192,156,-256,-31,-339,-296334,326,239,-34,-154,-187
335,-38,238,320,-237,-182306,-228,-27,-197,226,-321159,-312,-104,190,-359,77-147,110,-238,32,-143,-282
142,319,-276,125,-209,-333170,-204,355,-162,138,211205,227,-228,10,-319,246-172,-136,185,-210,-357,262
339,-174,-241,-3,-294,-249356,-20,103,-225,153,-352338,333,-242,-27,-354,-323-319,-12,41,-245,-35,322
-228,-52,-337,-339,154,-289-282,299,-55,-46,198,-53-311,29,-317,334,358,-197-182,113,-195,318,92,-337
-348,-105,-321,112,90,-231-205,349,-118,-221,-280,-287-220,-99,26,-12,-331,-123307,-124,-3,310,180,-245
348,-47,236,167,197,-12743,-251,-246,165,25,20085,-61,-235,-269,145,-75214,-233,-148,33,-38,-192
173,-231,307,192,-218,51198,-222,14,-176,-250,6922,225,-338,206,193,-56-34,-54,-88,-288,103,197
-152,-64,94,-300,-350,80-267,-247,227,-36,-189,205-255,-285,233,-13,207,98-320,-115,-188,-127,-138,3
-170,-323,-280,-258,-20,-80-123,-308,-128,-277,-67,327-233,352,-222,19,-79,-76-215,269,63,336,-148,-322
-298,208,-208,316,-139,-83-36,53,-289,-181,-163,-281-104,248,-100,-213,-41,-214-80,76,-350,-333,-74,172
0,-216,-65,182,-93,13-68,-231,-110,-257,-215,-47-345,155,-318,244,-353,188195,-261,-218,-292,289,151
-149,-226,-7,335,-159,300-118,-166,203,-177,-340,-146-152,192,-228,56,148,-164-69,115,330,156,76,-87
-250,-104,-13,-129,-148,315-51,256,164,-303,-319,-226179,-240,-342,-197,6,106213,-173,-188,14,194,-324
-101,-216,127,297,-324,-185-147,155,-199,-226,298,-173-30,-9,212,-156,-132,187-353,-67,-297,-22,-305,-86
-262,67,247,-305,-239,-287-103,-10,190,193,53,173-309,-310,-331,221,-107,-257178,91,-180,-16,45,-192
-39,-313,224,-134,-59,-215-206,-324,66,206,59,-203-248,-130,-83,-296,-98,263-49,-163,-85,178,284,290
-344,-252,-294,-71,-117,-189-145,337,-209,88,266,235-314,101,-36,-313,302,297-296,-233,155,231,204,179
-133,246,-185,296,-179,-269-105,-288,56,166,33,-105-72,235,91,257,324,-294-104,334,-270,-141,126,-186
Generation: 1
26,-11,-61,228,59,207-356,-44,-287,-203,-178,-350224,250,-95,-292,-148,-153-122,302,-49,118,-220,273
209,-154,26,333,185,279-193,294,78,358,-20,-57289,-255,319,12,136,-277-62,74,-304,-4,166,249
273,-334,-152,92,274,-359-259,-129,-171,235,-242,125-183,182,-304,257,-174,-223-138,-85,339,71,357,-235
133,-31,202,273,332,344-231,-197,298,123,-7,297-183,182,-304,257,-174,-223298,337,-36,-184,-167,-6
168,77,166,-4,289,346-271,137,49,-359,-153,42-104,248,-100,-213,-41,-214-80,76,-350,-333,-74,172
133,-31,202,273,332,344-231,-197,298,123,-7,297-223,253,-267,55,332,-20-138,-85,339,71,357,-235
168,77,166,-4,289,346-271,137,49,-359,-153,42-223,253,-267,55,332,-2099,316,230,-298,326,19
168,77,166,-4,289,346-271,137,49,-359,-153,42-223,253,-267,55,332,-20193,117,-92,-46,259,118
209,-154,26,333,185,279-233,63,-37,306,183,-92289,-255,319,12,136,-277-188,-156,262,-130,242,323
168,77,166,-4,289,346-61,-251,-74,307,252,-311190,-126,-344,272,-129,37206,-17,177,-154,267,-356
-102,-259,225,35,234,158172,-158,-350,278,-143,-136336,-97,-354,255,-272,-263-242,-36,294,-343,59,-164
-227,111,336,-115,196,-12863,-285,-73,0,-179,52231,-73,-174,255,-1,23463,-276,151,-324,-210,-225
-253,-157,-75,-181,25,-66205,-8,183,109,-221,-110196,-163,250,20,103,-117-334,224,186,-353,324,45
87,105,-212,-254,219,170-233,63,-37,306,183,-92316,40,-325,201,260,308355,359,-295,-7,33,-163
-72,-116,-154,-25,217,83208,-80,-337,120,17,-13536,290,170,335,126,-34499,316,230,-298,326,19
217,-170,209,-275,100,10-8,111,36,-351,150,-89225,59,-217,-241,344,332230,-37,4,-278,170,26
-323,206,199,-184,236,155-143,326,-125,-273,-342,341294,199,39,196,-237,304-37,-190,-138,-187,-184,-306
-5,73,-204,-263,23,-242-259,-129,-171,235,-242,125202,255,-240,273,122,-300-237,2,-351,-328,-219,-195
-64,0,-223,-297,121,269-231,-197,298,123,-7,297262,-312,-226,-166,234,256-138,-85,339,71,357,-235
-11,88,-144,-74,7,172-2,-198,1,195,-54,11575,172,66,15,83,186193,117,-92,-46,259,118
-5,73,-204,-263,23,-242-193,294,78,358,-20,-5784,-137,-57,225,-317,-117-62,74,-304,-4,166,249
-154,-323,12,121,-327,2249,-276,322,60,-224,-3247,47,228,-27,-146,45-181,77,101,274,185,326
-154,-323,12,121,-327,224198,-222,14,-176,-250,6922,225,-338,206,193,-56-181,77,101,274,185,326
-50,-346,-113,43,-160,-296205,-8,183,109,-221,-110294,199,39,196,-237,304139,73,-37,-81,329,212
-50,-346,-113,43,-160,-296205,-8,183,109,-221,-110-183,182,-304,257,-174,-223-260,-178,-94,-299,-43,236
-246,226,-307,50,-225,86208,-80,-337,120,17,-13538,-156,118,51,-329,190-260,-178,-94,-299,-43,236
-249,-260,329,-117,-77,-139356,-265,-51,-145,-324,-1262,-312,-226,-166,234,256-313,117,-303,-198,-344,-260
-316,-186,-174,-221,-116,300117,42,41,-30,-91,135289,-255,319,12,136,-277-359,24,199,210,-15,61
-246,226,-307,50,-225,86208,-80,-337,120,17,-13536,290,170,335,126,-344-302,242,-81,-143,-325,-168
-104,331,188,-300,155,-282-8,111,36,-351,150,-89336,-97,-354,255,-272,-263220,-181,-30,165,43,-99
-250,-359,-9,-11,-32,242329,-90,93,124,355,-178235,-56,148,117,270,232-93,-349,-3,227,-269,85
-86,-109,78,-98,12,-59-238,327,-274,30,332,-308307,130,194,48,-45,-99-130,-305,148,79,-228,196
-271,-267,-160,261,17,238-285,-48,-158,-232,162,-99210,175,-313,-252,230,198-313,117,-303,-198,-344,-260
175,-352,343,-237,127,-216208,-233,5,194,-134,198-160,-28,-20,-221,-288,351193,157,222,-297,-156,-314
218,-52,212,192,303,226231,-230,249,243,-93,251-227,-157,-65,213,-29,-98161,-226,125,89,-227,154
-349,-50,97,119,245,-57180,308,-84,94,81,-91-255,-8,-112,290,-71,-181272,44,87,-80,306,37
-201,45,-8,68,90,-198180,308,-84,94,81,-91-255,-8,-112,290,-71,-18189,237,295,293,179,146
-184,80,269,-75,43,-62152,-102,-273,-135,220,20-27,105,10,-189,302,-6823,323,-315,-87,298,70
75,197,103,146,-33,-96329,-90,93,124,355,-178-152,192,-228,56,148,-164-69,115,330,156,76,-87
218,104,-276,-71,-308,342328,218,-345,195,264,-252-138,-235,-149,19,87,-3115,317,40,-97,248,-330
218,104,-276,-71,-308,342328,218,-345,195,264,-252-191,-85,-77,45,76,45201,-202,-85,143,343,-33
0,-216,-65,182,-93,13-16,304,-214,-327,-104,-2825,-353,66,222,-98,-173195,-261,-218,-292,289,151
-5,73,-204,-263,23,-242162,184,308,-154,-212,-160-204,177,74,130,-187,-29-150,-350,-261,242,-250,115
-5,73,-204,-263,23,-242231,-230,249,243,-93,251-96,261,-201,-111,-149,-159206,193,-349,-313,192,98
285,-164,205,-181,-77,148-2,-198,1,195,-54,11575,172,66,15,83,186272,44,87,-80,306,37
3,-319,222,166,-18,-259-271,137,49,-359,-153,42-12,341,-137,214,-317,12429,-105,-275,0,71,-57
3,-319,222,166,-18,-259-233,113,-173,218,-320,-298-12,341,-137,214,-317,12429,-105,-275,0,71,-57
348,-346,186,10,-213,24-123,-308,-128,-277,-67,327-77,-48,-63,149,-65,69-84,-271,-215,235,119,-221
3,-319,222,166,-18,-259-155,-235,-356,-300,-194,-16436,290,170,335,126,-344-302,242,-81,-143,-325,-168
311,169,-263,226,-56,0-95,36,-298,14,-227,-246-133,-165,-297,218,131,-142142,-218,-91,354,-101,0
357,252,168,155,-300,249-103,-10,190,193,53,173-309,-310,-331,221,-107,-257201,-202,-85,143,343,-33
268,-172,293,355,-53,-3280,-240,29,355,-63,107-71,-175,-226,-123,146,7277,69,-79,-207,-144,-288
291,107,8,-18,-62,225-351,-13,-268,264,-76,-17732,306,-338,-305,244,-3468,-196,349,82,243,-330
173,-231,307,192,-218,51-95,36,-298,14,-227,-24622,225,-338,206,193,-56-34,-54,-88,-288,103,197
-143,186,-175,130,-142,166-308,352,33,-236,6,327307,130,194,48,-45,-99-295,-125,82,210,109,-84
-143,186,-175,130,-142,166-308,352,33,-236,6,327307,130,194,48,-45,-99-130,-305,148,79,-228,196
-73,-148,-158,-16,-289,67-147,155,-199,-226,298,-173267,-104,339,48,-81,-105249,-340,357,165,-352,354
-250,-359,-9,-11,-32,242-282,299,-55,-46,198,-53235,-56,148,117,270,232-182,113,-195,318,92,-337
216,-295,189,76,-10,183-58,76,25,-57,-354,-1231,-73,-174,255,-1,234230,-37,4,-278,170,26
216,-295,189,76,-10,183-58,76,25,-57,-354,-1231,-73,-174,255,-1,234-5,-19,335,275,-329,-346
99,-104,-198,-213,-123,-255-61,-251,-74,307,252,-311190,-126,-344,272,-129,379,-228,278,-68,21,-335
-178,-328,-137,80,-114,270-8,111,36,-351,150,-89225,59,-217,-241,344,332220,-181,-30,165,43,-99
113,-92,-148,-346,-184,53-319,27,83,-100,174,-240-247,-70,330,-103,177,54-74,-105,270,-143,155,74
328,240,225,-90,-134,113-130,-348,-136,325,314,-16161,327,245,-195,24,113306,-275,-171,-254,-125,188
218,104,-276,-71,-308,342328,218,-345,195,264,-252106,160,-88,-28,-233,359271,301,-233,-130,81,-283
248,300,-67,-214,-98,-177317,339,-323,177,172,248199,-216,-272,-165,-150,-37-16,-92,-250,321,-6,-358
248,300,-67,-214,-98,-177-102,215,-208,-206,189,-98247,47,228,-27,-146,45-16,-92,-250,321,-6,-358
-287,-173,271,12,-282,157133,-240,147,-322,265,304-171,61,24,236,106,-307-122,302,-49,118,-220,273
328,240,225,-90,-134,113-130,-348,-136,325,314,-16132,306,-338,-305,244,-346306,-275,-171,-254,-125,188
-178,-328,-137,80,-114,27080,-33,35,-325,210,263-138,-235,-149,19,87,-3122,-262,60,-102,76,-335
328,240,225,-90,-134,11361,-326,-253,272,286,-17061,327,245,-195,24,113330,115,-96,36,326,276
142,319,-276,125,-209,-333170,-204,355,-162,138,21120,275,24,-125,165,343-172,-136,185,-210,-357,262
209,-154,26,333,185,279178,-177,359,33,-340,-252289,-255,319,12,136,-277298,337,-36,-184,-167,-6
175,-352,343,-237,127,-216161,135,296,-196,-333,-16761,327,245,-195,24,113306,-275,-171,-254,-125,188
218,-52,212,192,303,22661,-326,-253,272,286,-170-18,-309,-114,-33,-331,-124120,-49,59,291,-31,-148
-159,0,-202,-282,72,5-198,-108,-279,339,-303,-330-315,187,-146,62,-349,-170-181,77,101,274,185,326
-115,-68,-135,270,276,-342-147,-230,317,-84,-188,240-208,-14,-50,82,-100,278-79,-302,207,331,271,-75
-184,80,269,-75,43,-62-118,-166,203,-177,-340,-146-152,192,-228,56,148,-16423,323,-315,-87,298,70
-72,-116,-154,-25,217,83-271,137,49,-359,-153,42-223,253,-267,55,332,-209,-228,278,-68,21,-335
87,105,-212,-254,219,170152,-102,-273,-135,220,20-27,105,10,-189,302,-6823,323,-315,-87,298,70
26,202,76,-75,359,122155,108,102,-109,22,183120,113,301,269,-200,-140-218,171,52,359,-33,264
239,308,232,114,-181,-341328,218,-345,195,264,-252106,160,-88,-28,-233,359271,301,-233,-130,81,-283
-159,0,-202,-282,72,5-77,-84,-82,-151,329,234-328,96,132,63,24,-29-260,-314,-20,273,98,-59
-102,-259,225,35,234,158-285,-48,-158,-232,162,-99210,175,-313,-252,230,198350,341,46,15,100,-226
-102,-259,225,35,234,158-61,-251,-74,307,252,-311-350,-182,-279,-221,294,202-242,-36,294,-343,59,-164
273,-334,-152,92,274,-359306,-228,-27,-197,226,-321202,255,-240,273,122,-300-147,110,-238,32,-143,-282
-253,-157,-75,-181,25,-66-240,-350,240,-101,-82,-164-220,191,171,16,-60,-244-334,224,186,-353,324,45
307,-334,-26,-96,-262,334356,-265,-51,-145,-324,-1262,-312,-226,-166,234,256167,67,-337,-188,-71,253
-249,-260,329,-117,-77,-139-147,-230,317,-84,-188,240-273,255,137,-31,177,-59-313,117,-303,-198,-344,-260
-101,-216,127,297,-324,-185-2,-198,1,195,-54,115-30,-9,212,-156,-132,187-353,-67,-297,-22,-305,-86
-249,-260,329,-117,-77,-139-95,36,-298,14,-227,-246-273,255,137,-31,177,-59-313,117,-303,-198,-344,-260
-179,-350,170,-26,-128,-138-70,185,-354,196,-148,6-350,-182,-279,-221,294,202-242,-36,294,-343,59,-164
-178,-328,-137,80,-114,270-231,-197,298,123,-7,297-183,182,-304,257,-174,-223115,317,40,-97,248,-330
218,104,-276,-71,-308,342172,-158,-350,278,-143,-136106,160,-88,-28,-233,359-295,-125,82,210,109,-84
40,-209,-256,-161,-146,138208,-233,5,194,-134,198294,199,39,196,-237,304193,157,222,-297,-156,-314
-176,-99,-42,147,-168,169-173,-282,-48,260,186,-136274,47,-245,289,348,141-151,-187,-188,324,-235,-295
-178,-328,-137,80,-114,270-238,327,-274,30,332,-308-138,-235,-149,19,87,-30,-74,-17,108,84,105
-344,-252,-294,-71,-117,-189-145,337,-209,88,266,235-314,101,-36,-313,302,297-218,171,52,359,-33,264
-178,-328,-137,80,-114,270-13,323,58,176,2,-205-138,-235,-149,19,87,-3-122,302,-49,118,-220,273
-133,246,-185,296,-179,-269-105,-288,56,166,33,-105-72,235,91,257,324,-294213,-173,-188,14,194,-324
Generation: 2
26,-11,-61,228,59,207-356,-44,-287,-203,-178,-350224,250,-95,-292,-148,-153-122,302,-49,118,-220,273
26,-11,-61,228,59,207-356,-44,-287,-203,-178,-350190,-126,-344,272,-129,37-122,302,-49,118,-220,273
168,77,166,-4,289,346-271,137,49,-359,-153,42196,-163,250,20,103,-11799,316,230,-298,326,19
87,105,-212,-254,219,170-259,-129,-171,235,-242,125316,40,-325,201,260,308-138,-85,339,71,357,-235
26,-11,-61,228,59,207-356,-44,-287,-203,-178,-35036,290,170,335,126,-344-122,302,-49,118,-220,273
168,77,166,-4,289,346-271,137,49,-359,-153,4232,306,-338,-305,244,-346-80,76,-350,-333,-74,172
175,-352,343,-237,127,-216-77,-84,-82,-151,329,234-160,-28,-20,-221,-288,351193,157,222,-297,-156,-314
218,-52,212,192,303,226-233,63,-37,306,183,-92-227,-157,-65,213,-29,-98161,-226,125,89,-227,154
217,-170,209,-275,100,10-8,111,36,-351,150,-89-183,182,-304,257,-174,-223230,-37,4,-278,170,26
273,-334,-152,92,274,-359-259,-129,-171,235,-242,125-183,182,-304,257,-174,-223-260,-178,-94,-299,-43,236
273,-334,-152,92,274,-359-259,-129,-171,235,-242,125-183,182,-304,257,-174,-223-138,-85,339,71,357,-235
133,-31,202,273,332,344-231,-197,298,123,-7,297-183,182,-304,257,-174,-223298,337,-36,-184,-167,-6
133,-31,202,273,332,344-231,-197,298,123,-7,297-223,253,-267,55,332,-20-138,-85,339,71,357,-235
168,77,166,-4,289,346-61,-251,-74,307,252,-311-191,-85,-77,45,76,45206,-17,177,-154,267,-356
168,77,166,-4,289,346-285,-48,-158,-232,162,-99-223,253,-267,55,332,-20-313,117,-303,-198,-344,-260
175,-352,343,-237,127,-216-282,299,-55,-46,198,-53-160,-28,-20,-221,-288,351193,157,222,-297,-156,-314
168,77,166,-4,289,346-61,-251,-74,307,252,-311190,-126,-344,272,-129,37206,-17,177,-154,267,-356
168,77,166,-4,289,346-61,-251,-74,307,252,-311190,-126,-344,272,-129,37206,-17,177,-154,267,-356
-102,-259,225,35,234,158172,-158,-350,278,-143,-136247,47,228,-27,-146,45-16,-92,-250,321,-6,-358
-102,-259,225,35,234,158172,-158,-350,278,-143,-136336,-97,-354,255,-272,-263-242,-36,294,-343,59,-164
-102,-259,225,35,234,158161,135,296,-196,-333,-16761,327,245,-195,24,113-242,-36,294,-343,59,-164
168,77,166,-4,289,346-77,-84,-82,-151,329,234-328,96,132,63,24,-29-260,-314,-20,273,98,-59
-72,-116,-154,-25,217,83161,135,296,-196,-333,-16736,290,170,335,126,-344306,-275,-171,-254,-125,188
209,-154,26,333,185,279-13,323,58,176,2,-205-138,-235,-149,19,87,-3-62,74,-304,-4,166,249
217,-170,209,-275,100,10-8,111,36,-351,150,-89-138,-235,-149,19,87,-3115,317,40,-97,248,-330
-64,0,-223,-297,121,26961,-326,-253,272,286,-170262,-312,-226,-166,234,256-138,-85,339,71,357,-235
-72,-116,-154,-25,217,83152,-102,-273,-135,220,20-27,105,10,-189,302,-689,-228,278,-68,21,-335
-72,-116,-154,-25,217,83208,-80,-337,120,17,-13536,290,170,335,126,-344298,337,-36,-184,-167,-6
-201,45,-8,68,90,-198208,-80,-337,120,17,-13536,290,170,335,126,-344-302,242,-81,-143,-325,-168
26,202,76,-75,359,122-271,137,49,-359,-153,42-223,253,-267,55,332,-2099,316,230,-298,326,19
-64,0,-223,-297,121,269-231,-197,298,123,-7,297262,-312,-226,-166,234,256-79,-302,207,331,271,-75
-64,0,-223,-297,121,269-231,-197,298,123,-7,297262,-312,-226,-166,234,256120,-49,59,291,-31,-148
-5,73,-204,-263,23,-242-271,137,49,-359,-153,42202,255,-240,273,122,-300193,117,-92,-46,259,118
-11,88,-144,-74,7,172-2,-198,1,195,-54,11575,172,66,15,83,186355,359,-295,-7,33,-163
-5,73,-204,-263,23,-242-143,326,-125,-273,-342,34184,-137,-57,225,-317,-117-37,-190,-138,-187,-184,-306
142,319,-276,125,-209,-333170,-204,355,-162,138,211-96,261,-201,-111,-149,-159-172,-136,185,-210,-357,262
-154,-323,12,121,-327,2249,-276,322,60,-224,-3247,47,228,-27,-146,45-181,77,101,274,185,326
-154,-323,12,121,-327,2249,-276,322,60,-224,-3247,47,228,-27,-146,45-181,77,101,274,185,326
-154,-323,12,121,-327,224198,-222,14,-176,-250,69224,250,-95,-292,-148,-153-181,77,101,274,185,326
0,-216,-65,182,-93,13328,218,-345,195,264,-252106,160,-88,-28,-233,359195,-261,-218,-292,289,151
-154,-323,12,121,-327,224198,-222,14,-176,-250,6922,225,-338,206,193,-56201,-202,-85,143,343,-33
-50,-346,-113,43,-160,-296205,-8,183,109,-221,-110-183,182,-304,257,-174,-223-260,-178,-94,-299,-43,236
-154,-323,12,121,-327,224328,218,-345,195,264,-252247,47,228,-27,-146,45-181,77,101,274,185,326
142,319,-276,125,-209,-333170,-204,355,-162,138,211-204,177,74,130,-187,-29-150,-350,-261,242,-250,115
-159,0,-202,-282,72,5-77,-84,-82,-151,329,234247,47,228,-27,-146,45-260,-314,-20,273,98,-59
-102,-259,225,35,234,158-285,-48,-158,-232,162,-99199,-216,-272,-165,-150,-37-16,-92,-250,321,-6,-358
-227,111,336,-115,196,-128-102,215,-208,-206,189,-98231,-73,-174,255,-1,234-16,-92,-250,321,-6,-358
-253,-157,-75,-181,25,-66-233,63,-37,306,183,-92316,40,-325,201,260,308-334,224,186,-353,324,45
-271,-267,-160,261,17,238-285,-48,-158,-232,162,-9922,225,-338,206,193,-56-313,117,-303,-198,-344,-260
175,-352,343,-237,127,-216208,-233,5,194,-134,198-160,-28,-20,-221,-288,351306,-275,-171,-254,-125,188
328,240,225,-90,-134,11361,-326,-253,272,286,-170-27,105,10,-189,302,-68330,115,-96,36,326,276
328,240,225,-90,-134,11361,-326,-253,272,286,-170-152,192,-228,56,148,-164-69,115,330,156,76,-87
-201,45,-8,68,90,-198328,218,-345,195,264,-252-138,-235,-149,19,87,-389,237,295,293,179,146
-184,80,269,-75,43,-62152,-102,-273,-135,220,20-27,105,10,-189,302,-6823,323,-315,-87,298,70
-184,80,269,-75,43,-62152,-102,-273,-135,220,20-27,105,10,-189,302,-6823,323,-315,-87,298,70
328,240,225,-90,-134,11380,-33,35,-325,210,263-138,-235,-149,19,87,-3122,-262,60,-102,76,-335
75,197,103,146,-33,-96329,-90,93,124,355,-178-152,192,-228,56,148,-164-69,115,330,156,76,-87
99,-104,-198,-213,-123,-255-61,-251,-74,307,252,-311120,113,301,269,-200,-1409,-228,278,-68,21,-335
0,-216,-65,182,-93,13-16,304,-214,-327,-104,-2875,172,66,15,83,186195,-261,-218,-292,289,151
0,-216,-65,182,-93,13-16,304,-214,-327,-104,-28262,-312,-226,-166,234,256195,-261,-218,-292,289,151
-178,-328,-137,80,-114,270-143,326,-125,-273,-342,341294,199,39,196,-237,304-37,-190,-138,-187,-184,-306
348,-346,186,10,-213,24117,42,41,-30,-91,135-77,-48,-63,149,-65,69-84,-271,-215,235,119,-221
-246,226,-307,50,-225,86208,-80,-337,120,17,-13536,290,170,335,126,-344-302,242,-81,-143,-325,-168
328,240,225,-90,-134,113-271,137,49,-359,-153,4261,327,245,-195,24,113330,115,-96,36,326,276
311,169,-263,226,-56,0-95,36,-298,14,-227,-246225,59,-217,-241,344,332142,-218,-91,354,-101,0
3,-319,222,166,-18,-259-233,113,-173,218,-320,-298-12,341,-137,214,-317,124272,44,87,-80,306,37
3,-319,222,166,-18,-259-233,113,-173,218,-320,-298-12,341,-137,214,-317,12429,-105,-275,0,71,-57
-154,-323,12,121,-327,224198,-222,14,-176,-250,69-27,105,10,-189,302,-68-181,77,101,274,185,326
173,-231,307,192,-218,51-95,36,-298,14,-227,-246294,199,39,196,-237,304-37,-190,-138,-187,-184,-306
-227,111,336,-115,196,-128-259,-129,-171,235,-242,125202,255,-240,273,122,-300-237,2,-351,-328,-219,-195
285,-164,205,-181,-77,148-271,137,49,-359,-153,42-223,253,-267,55,332,-20272,44,87,-80,306,37
-250,-359,-9,-11,-32,242-282,299,-55,-46,198,-53336,-97,-354,255,-272,-263220,-181,-30,165,43,-99
-73,-148,-158,-16,-289,67152,-102,-273,-135,220,20-27,105,10,-189,302,-68249,-340,357,165,-352,354
-73,-148,-158,-16,-289,67-285,-48,-158,-232,162,-99210,175,-313,-252,230,198-313,117,-303,-198,-344,-260
311,169,-263,226,-56,0-95,36,-298,14,-227,-246307,130,194,48,-45,-99142,-218,-91,354,-101,0
-178,-328,-137,80,-114,270-8,111,36,-351,150,-89225,59,-217,-241,344,332-37,-190,-138,-187,-184,-306
-50,-346,-113,43,-160,-296152,-102,-273,-135,220,20-27,105,10,-189,302,-6823,323,-315,-87,298,70
328,240,225,-90,-134,113-130,-348,-136,325,314,-16161,327,245,-195,24,113306,-275,-171,-254,-125,188
218,104,-276,-71,-308,342328,218,-345,195,264,-252106,160,-88,-28,-233,359-62,74,-304,-4,166,249
218,104,-276,-71,-308,342328,218,-345,195,264,-252-138,-235,-149,19,87,-3-93,-349,-3,227,-269,85
248,300,-67,-214,-98,-177-102,215,-208,-206,189,-9825,-353,66,222,-98,-173-16,-92,-250,321,-6,-358
328,240,225,-90,-134,113-130,-348,-136,325,314,-16122,225,-338,206,193,-56306,-275,-171,-254,-125,188
-178,-328,-137,80,-114,270329,-90,93,124,355,-178-152,192,-228,56,148,-164115,317,40,-97,248,-330
-154,-323,12,121,-327,224231,-230,249,243,-93,251-96,261,-201,-111,-149,-159-181,77,101,274,185,326
-73,-148,-158,-16,-289,679,-276,322,60,-224,-3247,47,228,-27,-146,45249,-340,357,165,-352,354
173,-231,307,192,-218,51180,308,-84,94,81,-9122,225,-338,206,193,-56-34,-54,-88,-288,103,197
142,319,-276,125,-209,-333170,-204,355,-162,138,21120,275,24,-125,165,343-172,-136,185,-210,-357,262
357,252,168,155,-300,249-271,137,49,-359,-153,42-309,-310,-331,221,-107,-257-80,76,-350,-333,-74,172
-349,-50,97,119,245,-57-271,137,49,-359,-153,42-255,-8,-112,290,-71,-181272,44,87,-80,306,37
175,-352,343,-237,127,-216161,135,296,-196,-333,-167262,-312,-226,-166,234,256167,67,-337,-188,-71,253
-271,-267,-160,261,17,238-143,326,-125,-273,-342,341210,175,-313,-252,230,198-37,-190,-138,-187,-184,-306
87,105,-212,-254,219,170198,-222,14,-176,-250,6922,225,-338,206,193,-56355,359,-295,-7,33,-163
-271,-267,-160,261,17,238-285,-48,-158,-232,162,-99-255,-8,-112,290,-71,-181-313,117,-303,-198,-344,-260
-86,-109,78,-98,12,-59-238,327,-274,30,332,-308-77,-48,-63,149,-65,69-130,-305,148,79,-228,196
142,319,-276,125,-209,-333170,-204,355,-162,138,211224,250,-95,-292,-148,-153-122,302,-49,118,-220,273
311,169,-263,226,-56,0198,-222,14,-176,-250,6922,225,-338,206,193,-56-181,77,101,274,185,326
-154,-323,12,121,-327,224-271,137,49,-359,-153,42-223,253,-267,55,332,-20-181,77,101,274,185,326
-246,226,-307,50,-225,86-58,76,25,-57,-354,-1231,-73,-174,255,-1,234-302,242,-81,-143,-325,-168
40,-209,-256,-161,-146,138208,-233,5,194,-134,198294,199,39,196,-237,304193,157,222,-297,-156,-314
216,-295,189,76,-10,183117,42,41,-30,-91,135231,-73,-174,255,-1,234-359,24,199,210,-15,61
Generation: 3
168,77,166,-4,289,346-356,-44,-287,-203,-178,-350190,-126,-344,272,-129,37206,-17,177,-154,267,-356
87,105,-212,-254,219,170-271,137,49,-359,-153,4222,225,-338,206,193,-56355,359,-295,-7,33,-163
26,-11,-61,228,59,207-143,326,-125,-273,-342,34184,-137,-57,225,-317,-117-37,-190,-138,-187,-184,-306
26,202,76,-75,359,122-271,137,49,-359,-153,42190,-126,-344,272,-129,3799,316,230,-298,326,19
87,105,-212,-254,219,170-259,-129,-171,235,-242,125225,59,-217,-241,344,332-138,-85,339,71,357,-235
26,-11,-61,228,59,207-356,-44,-287,-203,-178,-35036,290,170,335,126,-344-122,302,-49,118,-220,273
175,-352,343,-237,127,-216-77,-84,-82,-151,329,234-183,182,-304,257,-174,-223230,-37,4,-278,170,26
218,-52,212,192,303,226-233,63,-37,306,183,-92-227,-157,-65,213,-29,-98-69,115,330,156,76,-87
175,-352,343,-237,127,-216-282,299,-55,-46,198,-53-160,-28,-20,-221,-288,351-16,-92,-250,321,-6,-358
133,-31,202,273,332,344-231,-197,298,123,-7,297-183,182,-304,257,-174,-223-138,-85,339,71,357,-235
133,-31,202,273,332,344-231,-197,298,123,-7,297-223,253,-267,55,332,-2099,316,230,-298,326,19
133,-31,202,273,332,344-231,-197,298,123,-7,297-223,253,-267,55,332,-20-138,-85,339,71,357,-235
133,-31,202,273,332,344-231,-197,298,123,-7,297-223,253,-267,55,332,-20-138,-85,339,71,357,-235
168,77,166,-4,289,346-271,137,49,-359,-153,42-138,-235,-149,19,87,-399,316,230,-298,326,19
217,-170,209,-275,100,10-2,-198,1,195,-54,115-138,-235,-149,19,87,-3355,359,-295,-7,33,-163
168,77,166,-4,289,346-285,-48,-158,-232,162,-99-138,-235,-149,19,87,-3-313,117,-303,-198,-344,-260
175,-352,343,-237,127,-216-282,299,-55,-46,198,-53190,-126,-344,272,-129,37206,-17,177,-154,267,-356
168,77,166,-4,289,346-102,215,-208,-206,189,-9825,-353,66,222,-98,-173-16,-92,-250,321,-6,-358
218,-52,212,192,303,226-233,63,-37,306,183,-9236,290,170,335,126,-344298,337,-36,-184,-167,-6
-271,-267,-160,261,17,238198,-222,14,-176,-250,69224,250,-95,-292,-148,-153-181,77,101,274,185,326
-102,-259,225,35,234,158161,135,296,-196,-333,-16761,327,245,-195,24,113206,-17,177,-154,267,-356
168,77,166,-4,289,346-77,-84,-82,-151,329,234-328,96,132,63,24,-29-260,-314,-20,273,98,-59
-159,0,-202,-282,72,5161,135,296,-196,-333,-167247,47,228,-27,-146,45-260,-314,-20,273,98,-59
-102,-259,225,35,234,158172,-158,-350,278,-143,-136316,40,-325,201,260,308-138,-85,339,71,357,-235
168,77,166,-4,289,346-77,-84,-82,-151,329,234-328,96,132,63,24,-29-260,-314,-20,273,98,-59
87,105,-212,-254,219,170-285,-48,-158,-232,162,-9922,225,-338,206,193,-56355,359,-295,-7,33,-163
-184,80,269,-75,43,-62152,-102,-273,-135,220,2061,327,245,-195,24,11323,323,-315,-87,298,70
-64,0,-223,-297,121,26961,-326,-253,272,286,-170262,-312,-226,-166,234,256-62,74,-304,-4,166,249
-72,-116,-154,-25,217,83208,-80,-337,120,17,-13532,306,-338,-305,244,-346298,337,-36,-184,-167,-6
273,-334,-152,92,274,-359-259,-129,-171,235,-242,125-183,182,-304,257,-174,-223298,337,-36,-184,-167,-6
-102,-259,225,35,234,158-2,-198,1,195,-54,115199,-216,-272,-165,-150,-37355,359,-295,-7,33,-163
-102,-259,225,35,234,158-271,137,49,-359,-153,42247,47,228,-27,-146,45-16,-92,-250,321,-6,-358
-5,73,-204,-263,23,-242-259,-129,-171,235,-242,125202,255,-240,273,122,-300-237,2,-351,-328,-219,-195
-11,88,-144,-74,7,172-2,-198,1,195,-54,11522,225,-338,206,193,-56355,359,-295,-7,33,-163
-64,0,-223,-297,121,269-231,-197,298,123,-7,297262,-312,-226,-166,234,256-79,-302,207,331,271,-75
-11,88,-144,-74,7,172-271,137,49,-359,-153,42196,-163,250,20,103,-117355,359,-295,-7,33,-163
-64,0,-223,-297,121,269-231,-197,298,123,-7,29720,275,24,-125,165,343-172,-136,185,-210,-357,262
-64,0,-223,-297,121,269-95,36,-298,14,-227,-246294,199,39,196,-237,304-138,-85,339,71,357,-235
-159,0,-202,-282,72,5-143,326,-125,-273,-342,341247,47,228,-27,-146,45-37,-190,-138,-187,-184,-306
-5,73,-204,-263,23,-242-143,326,-125,-273,-342,34184,-137,-57,225,-317,-117-260,-178,-94,-299,-43,236
-5,73,-204,-263,23,-242-143,326,-125,-273,-342,34184,-137,-57,225,-317,-117195,-261,-218,-292,289,151
-5,73,-204,-263,23,-242-143,326,-125,-273,-342,341190,-126,-344,272,-129,37-37,-190,-138,-187,-184,-306
-154,-323,12,121,-327,2249,-276,322,60,-224,-3247,47,228,-27,-146,45-181,77,101,274,185,326
-154,-323,12,121,-327,224198,-222,14,-176,-250,69-223,253,-267,55,332,-20-181,77,101,274,185,326
-154,-323,12,121,-327,224198,-222,14,-176,-250,69224,250,-95,-292,-148,-153-181,77,101,274,185,326
-73,-148,-158,-16,-289,679,-276,322,60,-224,-3247,47,228,-27,-146,45306,-275,-171,-254,-125,188
-250,-359,-9,-11,-32,242198,-222,14,-176,-250,69336,-97,-354,255,-272,-263220,-181,-30,165,43,-99
-73,-148,-158,-16,-289,679,-276,322,60,-224,-3247,47,228,-27,-146,45249,-340,357,165,-352,354
-50,-346,-113,43,-160,-296208,-233,5,194,-134,198-183,182,-304,257,-174,-223-260,-178,-94,-299,-43,236
-73,-148,-158,-16,-289,679,-276,322,60,-224,-3247,47,228,-27,-146,45249,-340,357,165,-352,354
-73,-148,-158,-16,-289,67328,218,-345,195,264,-252247,47,228,-27,-146,45249,-340,357,165,-352,354
-5,73,-204,-263,23,-242-77,-84,-82,-151,329,23484,-137,-57,225,-317,-117-260,-314,-20,273,98,-59
-64,0,-223,-297,121,269-285,-48,-158,-232,162,-99199,-216,-272,-165,-150,-37-16,-92,-250,321,-6,-358
-64,0,-223,-297,121,269-77,-84,-82,-151,329,234247,47,228,-27,-146,45-260,-314,-20,273,98,-59
328,240,225,-90,-134,11361,-326,-253,272,286,-170-152,192,-228,56,148,-164-172,-136,185,-210,-357,262
-72,-116,-154,-25,217,83152,-102,-273,-135,220,20-27,105,10,-189,302,-689,-228,278,-68,21,-335
142,319,-276,125,-209,-333170,-204,355,-162,138,211-152,192,-228,56,148,-164-172,-136,185,-210,-357,262
-201,45,-8,68,90,-198328,218,-345,195,264,-252-138,-235,-149,19,87,-389,237,295,293,179,146
-154,-323,12,121,-327,224-16,304,-214,-327,-104,-28262,-312,-226,-166,234,256-181,77,101,274,185,326
0,-216,-65,182,-93,13-271,137,49,-359,-153,4275,172,66,15,83,186195,-261,-218,-292,289,151
-178,-328,-137,80,-114,270-271,137,49,-359,-153,42294,199,39,196,-237,304330,115,-96,36,326,276
348,-346,186,10,-213,24117,42,41,-30,-91,135-96,261,-201,-111,-149,-159-84,-271,-215,235,119,-221
328,240,225,-90,-134,113-271,137,49,-359,-153,4261,327,245,-195,24,113330,115,-96,36,326,276
3,-319,222,166,-18,-259-233,113,-173,218,-320,-298-183,182,-304,257,-174,-223230,-37,4,-278,170,26
328,240,225,-90,-134,113-143,326,-125,-273,-342,34161,327,245,-195,24,113306,-275,-171,-254,-125,188
3,-319,222,166,-18,-259-233,113,-173,218,-320,-298247,47,228,-27,-146,45-16,-92,-250,321,-6,-358
285,-164,205,-181,-77,148-271,137,49,-359,-153,42-223,253,-267,55,332,-20272,44,87,-80,306,37
-250,-359,-9,-11,-32,242-282,299,-55,-46,198,-53336,-97,-354,255,-272,-263195,-261,-218,-292,289,151
173,-231,307,192,-218,51-95,36,-298,14,-227,-24622,225,-338,206,193,-56-34,-54,-88,-288,103,197
328,240,225,-90,-134,113205,-8,183,109,-221,-110-27,105,10,-189,302,-68330,115,-96,36,326,276
40,-209,-256,-161,-146,138-271,137,49,-359,-153,42294,199,39,196,-237,304193,157,222,-297,-156,-314
328,240,225,-90,-134,113-130,-348,-136,325,314,-161-227,-157,-65,213,-29,-98161,-226,125,89,-227,154
248,300,-67,-214,-98,-177-102,215,-208,-206,189,-98-183,182,-304,257,-174,-223-16,-92,-250,321,-6,-358
-154,-323,12,121,-327,224198,-222,14,-176,-250,6922,225,-338,206,193,-56-138,-85,339,71,357,-235
173,-231,307,192,-218,51-285,-48,-158,-232,162,-99294,199,39,196,-237,304-16,-92,-250,321,-6,-358
328,240,225,-90,-134,113-130,-348,-136,325,314,-16122,225,-338,206,193,-56-69,115,330,156,76,-87
173,-231,307,192,-218,51-8,111,36,-351,150,-89294,199,39,196,-237,304-37,-190,-138,-187,-184,-306
-154,-323,12,121,-327,224198,-222,14,-176,-250,69-27,105,10,-189,302,-689,-228,278,-68,21,-335
-50,-346,-113,43,-160,-296205,-8,183,109,-221,-110-255,-8,-112,290,-71,-181-260,-178,-94,-299,-43,236
-227,111,336,-115,196,-128-271,137,49,-359,-153,42202,255,-240,273,122,-300-237,2,-351,-328,-219,-195
175,-352,343,-237,127,-216161,135,296,-196,-333,-167294,199,39,196,-237,304193,157,222,-297,-156,-314
173,-231,307,192,-218,51180,308,-84,94,81,-9122,225,-338,206,193,-56-138,-85,339,71,357,-235
-5,73,-204,-263,23,-242-233,113,-173,218,-320,-298-12,341,-137,214,-317,124272,44,87,-80,306,37
175,-352,343,-237,127,-216161,135,296,-196,-333,-167262,-312,-226,-166,234,256-37,-190,-138,-187,-184,-306
-64,0,-223,-297,121,269-231,-197,298,123,-7,297-204,177,74,130,-187,-29-150,-350,-261,242,-250,115
-11,88,-144,-74,7,172-2,-198,1,195,-54,115-96,261,-201,-111,-149,-159355,359,-295,-7,33,-163
26,202,76,-75,359,122328,218,-345,195,264,-252-223,253,-267,55,332,-2099,316,230,-298,326,19
-201,45,-8,68,90,-198-356,-44,-287,-203,-178,-350-138,-235,-149,19,87,-3-122,302,-49,118,-220,273
87,105,-212,-254,219,170198,-222,14,-176,-250,6922,225,-338,206,193,-56195,-261,-218,-292,289,151
-271,-267,-160,261,17,238-285,-48,-158,-232,162,-99-160,-28,-20,-221,-288,351-313,117,-303,-198,-344,-260
-72,-116,-154,-25,217,83-233,63,-37,306,183,-92-227,-157,-65,213,-29,-989,-228,278,-68,21,-335
-349,-50,97,119,245,-57-285,-48,-158,-232,162,-99-255,-8,-112,290,-71,-181-16,-92,-250,321,-6,-358
-227,111,336,-115,196,-128-77,-84,-82,-151,329,234-328,96,132,63,24,-29-237,2,-351,-328,-219,-195
168,77,166,-4,289,346328,218,-345,195,264,-252106,160,-88,-28,-233,359-313,117,-303,-198,-344,-260
-154,-323,12,121,-327,224-271,137,49,-359,-153,4261,327,245,-195,24,113-181,77,101,274,185,326
-178,-328,-137,80,-114,270-143,326,-125,-273,-342,341-183,182,-304,257,-174,-223-260,-178,-94,-299,-43,236
-178,-328,-137,80,-114,270-143,326,-125,-273,-342,341-183,182,-304,257,-174,-223-260,-178,-94,-299,-43,236
-246,226,-307,50,-225,86-58,76,25,-57,-354,-1-138,-235,-149,19,87,-3-302,242,-81,-143,-325,-168
-73,-148,-158,-16,-289,67-285,-48,-158,-232,162,-99262,-312,-226,-166,234,256195,-261,-218,-292,289,151
-178,-328,-137,80,-114,270-8,111,36,-351,150,-89-223,253,-267,55,332,-2099,316,230,-298,326,19
Generation: 4
175,-352,343,-237,127,-216-143,326,-125,-273,-342,341190,-126,-344,272,-129,37-37,-190,-138,-187,-184,-306
87,105,-212,-254,219,170-271,137,49,-359,-153,42196,-163,250,20,103,-117355,359,-295,-7,33,-163
168,77,166,-4,289,346-271,137,49,-359,-153,42294,199,39,196,-237,304193,157,222,-297,-156,-314
133,-31,202,273,332,344-231,-197,298,123,-7,297224,250,-95,-292,-148,-153-138,-85,339,71,357,-235
26,202,76,-75,359,122-271,137,49,-359,-153,42190,-126,-344,272,-129,37-84,-271,-215,235,119,-221
87,105,-212,-254,219,170-143,326,-125,-273,-342,34122,225,-338,206,193,-56-37,-190,-138,-187,-184,-306
26,-11,-61,228,59,207-356,-44,-287,-203,-178,-35036,290,170,335,126,-344-37,-190,-138,-187,-184,-306
87,105,-212,-254,219,170-271,137,49,-359,-153,42-27,105,10,-189,302,-68355,359,-295,-7,33,-163
133,-31,202,273,332,344-231,-197,298,123,-7,29732,306,-338,-305,244,-346298,337,-36,-184,-167,-6
175,-352,343,-237,127,-216-282,299,-55,-46,198,-53-160,-28,-20,-221,-288,351-16,-92,-250,321,-6,-358
175,-352,343,-237,127,-216-282,299,-55,-46,198,-53-160,-28,-20,-221,-288,351-16,-92,-250,321,-6,-358
133,-31,202,273,332,344-233,113,-173,218,-320,-298-223,253,-267,55,332,-20-16,-92,-250,321,-6,-358
273,-334,-152,92,274,-359-259,-129,-171,235,-242,125-183,182,-304,257,-174,-223298,337,-36,-184,-167,-6
273,-334,-152,92,274,-359-259,-129,-171,235,-242,125-183,182,-304,257,-174,-223-181,77,101,274,185,326
26,202,76,-75,359,122-271,137,49,-359,-153,42190,-126,-344,272,-129,3799,316,230,-298,326,19
217,-170,209,-275,100,10-2,-198,1,195,-54,115-138,-235,-149,19,87,-3355,359,-295,-7,33,-163
133,-31,202,273,332,344-285,-48,-158,-232,162,-9922,225,-338,206,193,-56355,359,-295,-7,33,-163
168,77,166,-4,289,346-285,-48,-158,-232,162,-99-138,-235,-149,19,87,-3-181,77,101,274,185,326
168,77,166,-4,289,346-102,215,-208,-206,189,-9825,-353,66,222,-98,-173-16,-92,-250,321,-6,-358
175,-352,343,-237,127,-216-282,299,-55,-46,198,-53224,250,-95,-292,-148,-153-181,77,101,274,185,326
168,77,166,-4,289,346-77,-84,-82,-151,329,23484,-137,-57,225,-317,-117-260,-314,-20,273,98,-59
-5,73,-204,-263,23,-242198,-222,14,-176,-250,69190,-126,-344,272,-129,37195,-261,-218,-292,289,151
-271,-267,-160,261,17,238198,-222,14,-176,-250,69224,250,-95,-292,-148,-153-181,77,101,274,185,326
168,77,166,-4,289,346-102,215,-208,-206,189,-98316,40,-325,201,260,308-138,-85,339,71,357,-235
-64,0,-223,-297,121,269198,-222,14,-176,-250,69247,47,228,-27,-146,45-260,-314,-20,273,98,-59
-201,45,-8,68,90,-198198,-222,14,-176,-250,69224,250,-95,-292,-148,-15389,237,295,293,179,146
-64,0,-223,-297,121,269161,135,296,-196,-333,-167294,199,39,196,-237,304193,157,222,-297,-156,-314
-159,0,-202,-282,72,5198,-222,14,-176,-250,69224,250,-95,-292,-148,-153-37,-190,-138,-187,-184,-306
-102,-259,225,35,234,158172,-158,-350,278,-143,-13622,225,-338,206,193,-56-138,-85,339,71,357,-235
-159,0,-202,-282,72,5161,135,296,-196,-333,-167262,-312,-226,-166,234,256-260,-314,-20,273,98,-59
87,105,-212,-254,219,170-130,-348,-136,325,314,-16122,225,-338,206,193,-56-138,-85,339,71,357,-235
-11,88,-144,-74,7,172328,218,-345,195,264,-25222,225,-338,206,193,-56355,359,-295,-7,33,-163
-227,111,336,-115,196,-128-356,-44,-287,-203,-178,-350202,255,-240,273,122,-300-237,2,-351,-328,-219,-195
-184,80,269,-75,43,-62-231,-197,298,123,-7,29761,327,245,-195,24,113-138,-85,339,71,357,-235
-349,-50,97,119,245,-57-143,326,-125,-273,-342,34184,-137,-57,225,-317,-117-37,-190,-138,-187,-184,-306
-11,88,-144,-74,7,172-2,-198,1,195,-54,11522,225,-338,206,193,-56355,359,-295,-7,33,-163
-11,88,-144,-74,7,172-2,-198,1,195,-54,11522,225,-338,206,193,-56355,359,-295,-7,33,-163
-64,0,-223,-297,121,269-231,-197,298,123,-7,29720,275,24,-125,165,343355,359,-295,-7,33,-163
-5,73,-204,-263,23,-242-259,-129,-171,235,-242,125247,47,228,-27,-146,45-237,2,-351,-328,-219,-195
-159,0,-202,-282,72,5-259,-129,-171,235,-242,125247,47,228,-27,-146,45-260,-314,-20,273,98,-59
-5,73,-204,-263,23,-242-143,326,-125,-273,-342,341190,-126,-344,272,-129,37-16,-92,-250,321,-6,-358
-5,73,-204,-263,23,-242-143,326,-125,-273,-342,341190,-126,-344,272,-129,37-37,-190,-138,-187,-184,-306
-154,-323,12,121,-327,224198,-222,14,-176,-250,6920,275,24,-125,165,343-172,-136,185,-210,-357,262
-73,-148,-158,-16,-289,679,-276,322,60,-224,-3224,250,-95,-292,-148,-153249,-340,357,165,-352,354
-178,-328,-137,80,-114,270198,-222,14,-176,-250,69224,250,-95,-292,-148,-153-181,77,101,274,185,326
-154,-323,12,121,-327,224198,-222,14,-176,-250,6922,225,-338,206,193,-56-138,-85,339,71,357,-235
-73,-148,-158,-16,-289,67328,218,-345,195,264,-252247,47,228,-27,-146,45249,-340,357,165,-352,354
-73,-148,-158,-16,-289,67328,218,-345,195,264,-252247,47,228,-27,-146,45-16,-92,-250,321,-6,-358
-73,-148,-158,-16,-289,67328,218,-345,195,264,-25284,-137,-57,225,-317,-117249,-340,357,165,-352,354
-5,73,-204,-263,23,-242-77,-84,-82,-151,329,23484,-137,-57,225,-317,-117-260,-314,-20,273,98,-59
-72,-116,-154,-25,217,83-233,63,-37,306,183,-92190,-126,-344,272,-129,37206,-17,177,-154,267,-356
-64,0,-223,-297,121,269-285,-48,-158,-232,162,-99247,47,228,-27,-146,45-313,117,-303,-198,-344,-260
-72,-116,-154,-25,217,83208,-80,-337,120,17,-135-96,261,-201,-111,-149,-159-84,-271,-215,235,119,-221
328,240,225,-90,-134,11361,-326,-253,272,286,-170-152,192,-228,56,148,-164-172,-136,185,-210,-357,262
142,319,-276,125,-209,-333170,-204,355,-162,138,211-152,192,-228,56,148,-164-172,-136,185,-210,-357,262
-201,45,-8,68,90,-198328,218,-345,195,264,-252-138,-235,-149,19,87,-389,237,295,293,179,146
-184,80,269,-75,43,-62152,-102,-273,-135,220,20-223,253,-267,55,332,-20-138,-85,339,71,357,-235
-154,-323,12,121,-327,224-271,137,49,-359,-153,4261,327,245,-195,24,113-181,77,101,274,185,326
-154,-323,12,121,-327,224-271,137,49,-359,-153,4261,327,245,-195,24,113-181,77,101,274,185,326
-154,-323,12,121,-327,224-16,304,-214,-327,-104,-28262,-312,-226,-166,234,256-16,-92,-250,321,-6,-358
-154,-323,12,121,-327,224-143,326,-125,-273,-342,341247,47,228,-27,-146,45-37,-190,-138,-187,-184,-306
-154,-323,12,121,-327,224-231,-197,298,123,-7,297224,250,-95,-292,-148,-153-181,77,101,274,185,326
-11,88,-144,-74,7,172205,-8,183,109,-221,-110-27,105,10,-189,302,-68355,359,-295,-7,33,-163
-250,-359,-9,-11,-32,242-143,326,-125,-273,-342,34184,-137,-57,225,-317,-117-37,-190,-138,-187,-184,-306
-102,-259,225,35,234,158172,-158,-350,278,-143,-136-227,-157,-65,213,-29,-98161,-226,125,89,-227,154
-64,0,-223,-297,121,269208,-80,-337,120,17,-135199,-216,-272,-165,-150,-37-16,-92,-250,321,-6,-358
-178,-328,-137,80,-114,270-271,137,49,-359,-153,42294,199,39,196,-237,304206,-17,177,-154,267,-356
-178,-328,-137,80,-114,270-271,137,49,-359,-153,42294,199,39,196,-237,304-181,77,101,274,185,326
-178,-328,-137,80,-114,270-271,137,49,-359,-153,42294,199,39,196,-237,304355,359,-295,-7,33,-163
-73,-148,-158,-16,-289,67-143,326,-125,-273,-342,341247,47,228,-27,-146,45249,-340,357,165,-352,354
3,-319,222,166,-18,-259-233,113,-173,218,-320,-298-183,182,-304,257,-174,-223-138,-85,339,71,357,-235
173,-231,307,192,-218,51-231,-197,298,123,-7,297-183,182,-304,257,-174,-223-138,-85,339,71,357,-235
328,240,225,-90,-134,113-143,326,-125,-273,-342,341-27,105,10,-189,302,-68330,115,-96,36,326,276
285,-164,205,-181,-77,148-271,137,49,-359,-153,42-138,-235,-149,19,87,-399,316,230,-298,326,19
-250,-359,-9,-11,-32,242-282,299,-55,-46,198,-53336,-97,-354,255,-272,-263-122,302,-49,118,-220,273
285,-164,205,-181,-77,148161,135,296,-196,-333,-167-223,253,-267,55,332,-20-260,-314,-20,273,98,-59
173,-231,307,192,-218,51-95,36,-298,14,-227,-24622,225,-338,206,193,-56-34,-54,-88,-288,103,197
328,240,225,-90,-134,113-143,326,-125,-273,-342,341190,-126,-344,272,-129,37330,115,-96,36,326,276
173,-231,307,192,-218,51-285,-48,-158,-232,162,-99294,199,39,196,-237,304-16,-92,-250,321,-6,-358
328,240,225,-90,-134,113-130,-348,-136,325,314,-161247,47,228,-27,-146,45-69,115,330,156,76,-87
-154,-323,12,121,-327,224198,-222,14,-176,-250,69-183,182,-304,257,-174,-223-181,77,101,274,185,326
173,-231,307,192,-218,51180,308,-84,94,81,-9122,225,-338,206,193,-56-138,-85,339,71,357,-235
328,240,225,-90,-134,11361,-326,-253,272,286,-17022,225,-338,206,193,-56355,359,-295,-7,33,-163
328,240,225,-90,-134,113180,308,-84,94,81,-9122,225,-338,206,193,-56-138,-85,339,71,357,-235
142,319,-276,125,-209,-333328,218,-345,195,264,-252247,47,228,-27,-146,45-172,-136,185,-210,-357,262
26,202,76,-75,359,122198,-222,14,-176,-250,69224,250,-95,-292,-148,-15399,316,230,-298,326,19
-102,-259,225,35,234,158-2,-198,1,195,-54,115199,-216,-272,-165,-150,-37355,359,-295,-7,33,-163
-5,73,-204,-263,23,-242-143,326,-125,-273,-342,341-183,182,-304,257,-174,-223298,337,-36,-184,-167,-6
-5,73,-204,-263,23,-242-233,113,-173,218,-320,-298-12,341,-137,214,-317,124272,44,87,-80,306,37
-159,0,-202,-282,72,5-233,113,-173,218,-320,-298-183,182,-304,257,-174,-223230,-37,4,-278,170,26
-64,0,-223,-297,121,269-231,-197,298,123,-7,297-204,177,74,130,-187,-29355,359,-295,-7,33,-163
-64,0,-223,-297,121,269-231,-197,298,123,-7,297294,199,39,196,-237,304-138,-85,339,71,357,-235
-102,-259,225,35,234,158-77,-84,-82,-151,329,234-183,182,-304,257,-174,-223-138,-85,339,71,357,-235
-64,0,-223,-297,121,269-231,-197,298,123,-7,297-223,253,-267,55,332,-20-138,-85,339,71,357,-235
173,-231,307,192,-218,51180,308,-84,94,81,-91294,199,39,196,-237,304193,157,222,-297,-156,-314
168,77,166,-4,289,346328,218,-345,195,264,-252190,-126,-344,272,-129,37249,-340,357,165,-352,354
26,202,76,-75,359,122328,218,-345,195,264,-252-223,253,-267,55,332,-2023,323,-315,-87,298,70
-178,-328,-137,80,-114,270-143,326,-125,-273,-342,341-183,182,-304,257,-174,-223-260,-178,-94,-299,-43,236
-154,-323,12,121,-327,224-16,304,-214,-327,-104,-28-27,105,10,-189,302,-68-181,77,101,274,185,326
-154,-323,12,121,-327,224-8,111,36,-351,150,-89-27,105,10,-189,302,-689,-228,278,-68,21,-335
Generation: 5
87,105,-212,-254,219,170-271,137,49,-359,-153,42190,-126,-344,272,-129,37355,359,-295,-7,33,-163
87,105,-212,-254,219,170-271,137,49,-359,-153,42196,-163,250,20,103,-117355,359,-295,-7,33,-163
87,105,-212,-254,219,170-271,137,49,-359,-153,4222,225,-338,206,193,-56-37,-190,-138,-187,-184,-306
87,105,-212,-254,219,170-231,-197,298,123,-7,297-204,177,74,130,-187,-29355,359,-295,-7,33,-163
87,105,-212,-254,219,170-271,137,49,-359,-153,4232,306,-338,-305,244,-346298,337,-36,-184,-167,-6
87,105,-212,-254,219,170-271,137,49,-359,-153,42196,-163,250,20,103,-117355,359,-295,-7,33,-163
168,77,166,-4,289,346-356,-44,-287,-203,-178,-35036,290,170,335,126,-344249,-340,357,165,-352,354
133,-31,202,273,332,344-233,113,-173,218,-320,-29822,225,-338,206,193,-56355,359,-295,-7,33,-163
133,-31,202,273,332,344-231,-197,298,123,-7,297294,199,39,196,-237,304193,157,222,-297,-156,-314
26,202,76,-75,359,122-231,-197,298,123,-7,297190,-126,-344,272,-129,37-181,77,101,274,185,326
168,77,166,-4,289,346-271,137,49,-359,-153,42190,-126,-344,272,-129,37193,157,222,-297,-156,-314
26,-11,-61,228,59,207-356,-44,-287,-203,-178,-35036,290,170,335,126,-344-37,-190,-138,-187,-184,-306
168,77,166,-4,289,346-271,137,49,-359,-153,42316,40,-325,201,260,30899,316,230,-298,326,19
133,-31,202,273,332,344-231,-197,298,123,-7,29732,306,-338,-305,244,-346-37,-190,-138,-187,-184,-306
175,-352,343,-237,127,-216-282,299,-55,-46,198,-53-160,-28,-20,-221,-288,351-16,-92,-250,321,-6,-358
175,-352,343,-237,127,-216-282,299,-55,-46,198,-53224,250,-95,-292,-148,-153-181,77,101,274,185,326
168,77,166,-4,289,346-285,-48,-158,-232,162,-99-183,182,-304,257,-174,-223-181,77,101,274,185,326
217,-170,209,-275,100,10-143,326,-125,-273,-342,341-138,-235,-149,19,87,-3355,359,-295,-7,33,-163
273,-334,-152,92,274,-359-259,-129,-171,235,-242,125-183,182,-304,257,-174,-223-181,77,101,274,185,326
273,-334,-152,92,274,-359-259,-129,-171,235,-242,125-183,182,-304,257,-174,-223-181,77,101,274,185,326
273,-334,-152,92,274,-359-282,299,-55,-46,198,-53-183,182,-304,257,-174,-223-181,77,101,274,185,326
217,-170,209,-275,100,10-2,-198,1,195,-54,115262,-312,-226,-166,234,256-16,-92,-250,321,-6,-358
168,77,166,-4,289,346-102,215,-208,-206,189,-98-138,-235,-149,19,87,-3-138,-85,339,71,357,-235
133,-31,202,273,332,344-282,299,-55,-46,198,-53-223,253,-267,55,332,-20-16,-92,-250,321,-6,-358
175,-352,343,-237,127,-216-282,299,-55,-46,198,-53247,47,228,-27,-146,45-37,-190,-138,-187,-184,-306
133,-31,202,273,332,344-282,299,-55,-46,198,-53224,250,-95,-292,-148,-153-181,77,101,274,185,326
168,77,166,-4,289,346-77,-84,-82,-151,329,23484,-137,-57,225,-317,-117-16,-92,-250,321,-6,-358
175,-352,343,-237,127,-216-282,299,-55,-46,198,-53336,-97,-354,255,-272,-263-122,302,-49,118,-220,273
-227,111,336,-115,196,-1289,-276,322,60,-224,-3224,250,-95,-292,-148,-153249,-340,357,165,-352,354
-102,-259,225,35,234,158172,-158,-350,278,-143,-13684,-137,-57,225,-317,-117161,-226,125,89,-227,154
-159,0,-202,-282,72,5198,-222,14,-176,-250,69224,250,-95,-292,-148,-153-37,-190,-138,-187,-184,-306
-5,73,-204,-263,23,-242161,135,296,-196,-333,-167-223,253,-267,55,332,-20-16,-92,-250,321,-6,-358
-5,73,-204,-263,23,-242198,-222,14,-176,-250,69294,199,39,196,-237,304193,157,222,-297,-156,-314
-11,88,-144,-74,7,172198,-222,14,-176,-250,69224,250,-95,-292,-148,-153355,359,-295,-7,33,-163
-102,-259,225,35,234,158198,-222,14,-176,-250,6922,225,-338,206,193,-56-138,-85,339,71,357,-235
26,-11,-61,228,59,207-282,299,-55,-46,198,-53336,-97,-354,255,-272,-263-37,-190,-138,-187,-184,-306
87,105,-212,-254,219,170-233,63,-37,306,183,-92190,-126,-344,272,-129,37206,-17,177,-154,267,-356
-102,-259,225,35,234,158172,-158,-350,278,-143,-13622,225,-338,206,193,-56-138,-85,339,71,357,-235
87,105,-212,-254,219,170-130,-348,-136,325,314,-16122,225,-338,206,193,-56-37,-190,-138,-187,-184,-306
87,105,-212,-254,219,170-130,-348,-136,325,314,-16122,225,-338,206,193,-56-138,-85,339,71,357,-235
87,105,-212,-254,219,170-130,-348,-136,325,314,-161316,40,-325,201,260,308-138,-85,339,71,357,-235
-64,0,-223,-297,121,269208,-80,-337,120,17,-13520,275,24,-125,165,343355,359,-295,-7,33,-163
-227,111,336,-115,196,-128328,218,-345,195,264,-252202,255,-240,273,122,-300-237,2,-351,-328,-219,-195
133,-31,202,273,332,344-77,-84,-82,-151,329,23484,-137,-57,225,-317,-117-138,-85,339,71,357,-235
-102,-259,225,35,234,158-231,-197,298,123,-7,29720,275,24,-125,165,343355,359,-295,-7,33,-163
-184,80,269,-75,43,-62-231,-197,298,123,-7,297294,199,39,196,-237,304-138,-85,339,71,357,-235
-5,73,-204,-263,23,-242-143,326,-125,-273,-342,34122,225,-338,206,193,-56-16,-92,-250,321,-6,-358
-64,0,-223,-297,121,269-231,-197,298,123,-7,29720,275,24,-125,165,343355,359,-295,-7,33,-163
-5,73,-204,-263,23,-242-259,-129,-171,235,-242,125224,250,-95,-292,-148,-153-237,2,-351,-328,-219,-195
-5,73,-204,-263,23,-242-143,326,-125,-273,-342,34184,-137,-57,225,-317,-117195,-261,-218,-292,289,151
-5,73,-204,-263,23,-242-143,326,-125,-273,-342,341190,-126,-344,272,-129,37-37,-190,-138,-187,-184,-306
-64,0,-223,-297,121,269-231,-197,298,123,-7,297247,47,228,-27,-146,45-138,-85,339,71,357,-235
-64,0,-223,-297,121,269-231,-197,298,123,-7,297294,199,39,196,-237,304-138,-85,339,71,357,-235
-11,88,-144,-74,7,172-2,-198,1,195,-54,115294,199,39,196,-237,304206,-17,177,-154,267,-356
328,240,225,-90,-134,113208,-80,-337,120,17,-135-96,261,-201,-111,-149,-159-69,115,330,156,76,-87
-11,88,-144,-74,7,172-2,-198,1,195,-54,115190,-126,-344,272,-129,37355,359,-295,-7,33,-163
-250,-359,-9,-11,-32,242161,135,296,-196,-333,-167336,-97,-354,255,-272,-263-260,-314,-20,273,98,-59
-73,-148,-158,-16,-289,679,-276,322,60,-224,-3224,250,-95,-292,-148,-153249,-340,357,165,-352,354
-73,-148,-158,-16,-289,67328,218,-345,195,264,-25284,-137,-57,225,-317,-117249,-340,357,165,-352,354
-154,-323,12,121,-327,224172,-158,-350,278,-143,-136224,250,-95,-292,-148,-153-181,77,101,274,185,326
-154,-323,12,121,-327,224198,-222,14,-176,-250,6932,306,-338,-305,244,-346-138,-85,339,71,357,-235
-154,-323,12,121,-327,224198,-222,14,-176,-250,6922,225,-338,206,193,-56-138,-85,339,71,357,-235
-178,-328,-137,80,-114,270198,-222,14,-176,-250,69-227,-157,-65,213,-29,-98161,-226,125,89,-227,154
-154,-323,12,121,-327,224328,218,-345,195,264,-25222,225,-338,206,193,-56249,-340,357,165,-352,354
-64,0,-223,-297,121,269-285,-48,-158,-232,162,-99199,-216,-272,-165,-150,-37355,359,-295,-7,33,-163
-64,0,-223,-297,121,269-233,63,-37,306,183,-92247,47,228,-27,-146,45206,-17,177,-154,267,-356
-64,0,-223,-297,121,269-102,215,-208,-206,189,-9825,-353,66,222,-98,-173-16,-92,-250,321,-6,-358
-72,-116,-154,-25,217,83208,-80,-337,120,17,-135-96,261,-201,-111,-149,-159-84,-271,-215,235,119,-221
-184,80,269,-75,43,-62328,218,-345,195,264,-252-138,-235,-149,19,87,-3-138,-85,339,71,357,-235
-154,-323,12,121,-327,224-271,137,49,-359,-153,4261,327,245,-195,24,113-181,77,101,274,185,326
-154,-323,12,121,-327,224-271,137,49,-359,-153,4261,327,245,-195,24,113-181,77,101,274,185,326
-154,-323,12,121,-327,224-16,304,-214,-327,-104,-2822,225,-338,206,193,-56-181,77,101,274,185,326
-73,-148,-158,-16,-289,67-143,326,-125,-273,-342,341224,250,-95,-292,-148,-153249,-340,357,165,-352,354
-102,-259,225,35,234,158172,-158,-350,278,-143,-136-183,182,-304,257,-174,-223-138,-85,339,71,357,-235
-178,-328,-137,80,-114,270-271,137,49,-359,-153,42294,199,39,196,-237,304-181,77,101,274,185,326
-64,0,-223,-297,121,269198,-222,14,-176,-250,69-183,182,-304,257,-174,-223-181,77,101,274,185,326
173,-231,307,192,-218,51-271,137,49,-359,-153,42294,199,39,196,-237,304355,359,-295,-7,33,-163
173,-231,307,192,-218,51-95,36,-298,14,-227,-246-183,182,-304,257,-174,-223-34,-54,-88,-288,103,197
328,240,225,-90,-134,113-143,326,-125,-273,-342,341-27,105,10,-189,302,-68-181,77,101,274,185,326
-201,45,-8,68,90,-198198,-222,14,-176,-250,69224,250,-95,-292,-148,-15389,237,295,293,179,146
-154,-323,12,121,-327,224-285,-48,-158,-232,162,-99247,47,228,-27,-146,45-313,117,-303,-198,-344,-260
-73,-148,-158,-16,-289,67-285,-48,-158,-232,162,-9922,225,-338,206,193,-56355,359,-295,-7,33,-163
142,319,-276,125,-209,-333-77,-84,-82,-151,329,234-152,192,-228,56,148,-164-260,-314,-20,273,98,-59
-73,-148,-158,-16,-289,67328,218,-345,195,264,-252224,250,-95,-292,-148,-153-37,-190,-138,-187,-184,-306
328,240,225,-90,-134,113-102,215,-208,-206,189,-98-152,192,-228,56,148,-164-172,-136,185,-210,-357,262
142,319,-276,125,-209,-333328,218,-345,195,264,-25284,-137,-57,225,-317,-117249,-340,357,165,-352,354
-73,-148,-158,-16,-289,67328,218,-345,195,264,-252-152,192,-228,56,148,-164-172,-136,185,-210,-357,262
175,-352,343,-237,127,-216180,308,-84,94,81,-91-160,-28,-20,-221,-288,351-138,-85,339,71,357,-235
328,240,225,-90,-134,113180,308,-84,94,81,-9122,225,-338,206,193,-56-237,2,-351,-328,-219,-195
328,240,225,-90,-134,113180,308,-84,94,81,-9122,225,-338,206,193,-56-138,-85,339,71,357,-235
-102,-259,225,35,234,158-271,137,49,-359,-153,42-183,182,-304,257,-174,-223-138,-85,339,71,357,-235
328,240,225,-90,-134,11361,-326,-253,272,286,-170294,199,39,196,-237,304-172,-136,185,-210,-357,262
168,77,166,-4,289,346328,218,-345,195,264,-252190,-126,-344,272,-129,37249,-340,357,165,-352,354
26,202,76,-75,359,122328,218,-345,195,264,-25222,225,-338,206,193,-56-138,-85,339,71,357,-235
-154,-323,12,121,-327,224-271,137,49,-359,-153,4261,327,245,-195,24,113298,337,-36,-184,-167,-6
-154,-323,12,121,-327,224-143,326,-125,-273,-342,341-27,105,10,-189,302,-68-181,77,101,274,185,326
-154,-323,12,121,-327,224-271,137,49,-359,-153,42-183,182,-304,257,-174,-223298,337,-36,-184,-167,-6
173,-231,307,192,-218,51198,-222,14,-176,-250,69190,-126,-344,272,-129,37195,-261,-218,-292,289,151
-73,-148,-158,-16,-289,67-282,299,-55,-46,198,-53-160,-28,-20,-221,-288,351-16,-92,-250,321,-6,-358
-154,-323,12,121,-327,224-130,-348,-136,325,314,-16122,225,-338,206,193,-56-138,-85,339,71,357,-235
Generation: 6
87,105,-212,-254,219,170-271,137,49,-359,-153,42190,-126,-344,272,-129,37206,-17,177,-154,267,-356
133,-31,202,273,332,344-233,113,-173,218,-320,-29884,-137,-57,225,-317,-117-16,-92,-250,321,-6,-358
87,105,-212,-254,219,170-271,137,49,-359,-153,42196,-163,250,20,103,-117-138,-85,339,71,357,-235
87,105,-212,-254,219,170-231,-197,298,123,-7,297316,40,-325,201,260,308-138,-85,339,71,357,-235
87,105,-212,-254,219,170-271,137,49,-359,-153,4222,225,-338,206,193,-56355,359,-295,-7,33,-163
87,105,-212,-254,219,170-271,137,49,-359,-153,42-183,182,-304,257,-174,-223-138,-85,339,71,357,-235
168,77,166,-4,289,346-356,-44,-287,-203,-178,-35036,290,170,335,126,-344-37,-190,-138,-187,-184,-306
168,77,166,-4,289,346-143,326,-125,-273,-342,34136,290,170,335,126,-344249,-340,357,165,-352,354
168,77,166,-4,289,346-356,-44,-287,-203,-178,-35022,225,-338,206,193,-56-138,-85,339,71,357,-235
133,-31,202,273,332,344-233,113,-173,218,-320,-29822,225,-338,206,193,-56355,359,-295,-7,33,-163
168,77,166,-4,289,346-143,326,-125,-273,-342,34122,225,-338,206,193,-56-16,-92,-250,321,-6,-358
168,77,166,-4,289,346-271,137,49,-359,-153,42294,199,39,196,-237,304206,-17,177,-154,267,-356
273,-334,-152,92,274,-359-271,137,49,-359,-153,42-183,182,-304,257,-174,-223298,337,-36,-184,-167,-6
133,-31,202,273,332,344-231,-197,298,123,-7,297190,-126,-344,272,-129,37193,157,222,-297,-156,-314
26,202,76,-75,359,122-2,-198,1,195,-54,115190,-126,-344,272,-129,37-181,77,101,274,185,326
168,77,166,-4,289,346-271,137,49,-359,-153,42190,-126,-344,272,-129,37-16,-92,-250,321,-6,-358
26,202,76,-75,359,122-231,-197,298,123,-7,297190,-126,-344,272,-129,37-16,-92,-250,321,-6,-358
133,-31,202,273,332,344-271,137,49,-359,-153,42196,-163,250,20,103,-117355,359,-295,-7,33,-163
87,105,-212,-254,219,170-143,326,-125,-273,-342,34122,225,-338,206,193,-56-37,-190,-138,-187,-184,-306
168,77,166,-4,289,346-259,-129,-171,235,-242,125-183,182,-304,257,-174,-223-16,-92,-250,321,-6,-358
87,105,-212,-254,219,170-271,137,49,-359,-153,42196,-163,250,20,103,-117355,359,-295,-7,33,-163
26,-11,-61,228,59,207-356,-44,-287,-203,-178,-35036,290,170,335,126,-344-37,-190,-138,-187,-184,-306
26,-11,-61,228,59,207-259,-129,-171,235,-242,12536,290,170,335,126,-344-37,-190,-138,-187,-184,-306
87,105,-212,-254,219,170-271,137,49,-359,-153,42-27,105,10,-189,302,-68-181,77,101,274,185,326
217,-170,209,-275,100,10-2,-198,1,195,-54,115262,-312,-226,-166,234,256-16,-92,-250,321,-6,-358
217,-170,209,-275,100,10-143,326,-125,-273,-342,341-138,-235,-149,19,87,-3-37,-190,-138,-187,-184,-306
87,105,-212,-254,219,170-259,-129,-171,235,-242,125-183,182,-304,257,-174,-223-37,-190,-138,-187,-184,-306
273,-334,-152,92,274,-359-282,299,-55,-46,198,-53-183,182,-304,257,-174,-223-181,77,101,274,185,326
133,-31,202,273,332,344-231,-197,298,123,-7,297-96,261,-201,-111,-149,-159-37,-190,-138,-187,-184,-306
217,-170,209,-275,100,10-2,-198,1,195,-54,11522,225,-338,206,193,-56-37,-190,-138,-187,-184,-306
168,77,166,-4,289,346-77,-84,-82,-151,329,23484,-137,-57,225,-317,-117-16,-92,-250,321,-6,-358
175,-352,343,-237,127,-216-282,299,-55,-46,198,-53199,-216,-272,-165,-150,-37355,359,-295,-7,33,-163
133,-31,202,273,332,344-282,299,-55,-46,198,-53224,250,-95,-292,-148,-153-37,-190,-138,-187,-184,-306
175,-352,343,-237,127,-216-282,299,-55,-46,198,-53190,-126,-344,272,-129,37-181,77,101,274,185,326
175,-352,343,-237,127,-216-282,299,-55,-46,198,-53224,250,-95,-292,-148,-153-181,77,101,274,185,326
168,77,166,-4,289,346-102,215,-208,-206,189,-98190,-126,-344,272,-129,37193,157,222,-297,-156,-314
175,-352,343,-237,127,-216-282,299,-55,-46,198,-53224,250,-95,-292,-148,-153-16,-92,-250,321,-6,-358
133,-31,202,273,332,344-77,-84,-82,-151,329,23484,-137,-57,225,-317,-117-16,-92,-250,321,-6,-358
-159,0,-202,-282,72,5198,-222,14,-176,-250,69224,250,-95,-292,-148,-153249,-340,357,165,-352,354
175,-352,343,-237,127,-216-282,299,-55,-46,198,-5322,225,-338,206,193,-56-37,-190,-138,-187,-184,-306
168,77,166,-4,289,346-285,-48,-158,-232,162,-99316,40,-325,201,260,30899,316,230,-298,326,19
217,-170,209,-275,100,10-282,299,-55,-46,198,-53262,-312,-226,-166,234,256-37,-190,-138,-187,-184,-306
26,202,76,-75,359,122-130,-348,-136,325,314,-16122,225,-338,206,193,-56-37,-190,-138,-187,-184,-306
133,-31,202,273,332,344-282,299,-55,-46,198,-53262,-312,-226,-166,234,256-16,-92,-250,321,-6,-358
-5,73,-204,-263,23,-242161,135,296,-196,-333,-167294,199,39,196,-237,304-16,-92,-250,321,-6,-358
-5,73,-204,-263,23,-242198,-222,14,-176,-250,69294,199,39,196,-237,304193,157,222,-297,-156,-314
273,-334,-152,92,274,-359-282,299,-55,-46,198,-53224,250,-95,-292,-148,-153-181,77,101,274,185,326
87,105,-212,-254,219,170-285,-48,-158,-232,162,-99190,-126,-344,272,-129,37355,359,-295,-7,33,-163
87,105,-212,-254,219,170-282,299,-55,-46,198,-5322,225,-338,206,193,-56-181,77,101,274,185,326
-5,73,-204,-263,23,-242-356,-44,-287,-203,-178,-35036,290,170,335,126,-344-37,-190,-138,-187,-184,-306
-184,80,269,-75,43,-62-231,-197,298,123,-7,297294,199,39,196,-237,304-138,-85,339,71,357,-235
-184,80,269,-75,43,-62-231,-197,298,123,-7,297294,199,39,196,-237,304-138,-85,339,71,357,-235
-102,-259,225,35,234,158-271,137,49,-359,-153,42294,199,39,196,-237,304-181,77,101,274,185,326
-184,80,269,-75,43,-62-271,137,49,-359,-153,42294,199,39,196,-237,304-138,-85,339,71,357,-235
-11,88,-144,-74,7,172-271,137,49,-359,-153,4261,327,245,-195,24,113355,359,-295,-7,33,-163
-5,73,-204,-263,23,-242-95,36,-298,14,-227,-246294,199,39,196,-237,304-34,-54,-88,-288,103,197
-5,73,-204,-263,23,-242-259,-129,-171,235,-242,125224,250,-95,-292,-148,-153-37,-190,-138,-187,-184,-306
-11,88,-144,-74,7,172-2,-198,1,195,-54,115190,-126,-344,272,-129,37-37,-190,-138,-187,-184,-306
-11,88,-144,-74,7,172-2,-198,1,195,-54,115294,199,39,196,-237,304-37,-190,-138,-187,-184,-306
-5,73,-204,-263,23,-242-231,-197,298,123,-7,297190,-126,-344,272,-129,37-37,-190,-138,-187,-184,-306
-178,-328,-137,80,-114,270328,218,-345,195,264,-252294,199,39,196,-237,304-172,-136,185,-210,-357,262
-154,-323,12,121,-327,224328,218,-345,195,264,-25261,327,245,-195,24,113249,-340,357,165,-352,354
-159,0,-202,-282,72,5-130,-348,-136,325,314,-161224,250,-95,-292,-148,-153-138,-85,339,71,357,-235
-201,45,-8,68,90,-198-282,299,-55,-46,198,-53224,250,-95,-292,-148,-15389,237,295,293,179,146
-64,0,-223,-297,121,269-285,-48,-158,-232,162,-99199,-216,-272,-165,-150,-37249,-340,357,165,-352,354
-64,0,-223,-297,121,269-282,299,-55,-46,198,-53336,-97,-354,255,-272,-263-37,-190,-138,-187,-184,-306
-64,0,-223,-297,121,269-233,63,-37,306,183,-92247,47,228,-27,-146,45-138,-85,339,71,357,-235
-64,0,-223,-297,121,269-285,-48,-158,-232,162,-99196,-163,250,20,103,-117355,359,-295,-7,33,-163
133,-31,202,273,332,344172,-158,-350,278,-143,-136-183,182,-304,257,-174,-223355,359,-295,-7,33,-163
-184,80,269,-75,43,-62328,218,-345,195,264,-252-138,-235,-149,19,87,-3-138,-85,339,71,357,-235
-250,-359,-9,-11,-32,242-231,-197,298,123,-7,29720,275,24,-125,165,343355,359,-295,-7,33,-163
-178,-328,-137,80,-114,270-271,137,49,-359,-153,4261,327,245,-195,24,113-181,77,101,274,185,326
-154,-323,12,121,-327,224-143,326,-125,-273,-342,341224,250,-95,-292,-148,-153249,-340,357,165,-352,354
-73,-148,-158,-16,-289,67-259,-129,-171,235,-242,12584,-137,-57,225,-317,-117249,-340,357,165,-352,354
-73,-148,-158,-16,-289,67-271,137,49,-359,-153,42294,199,39,196,-237,304355,359,-295,-7,33,-163
-178,-328,-137,80,-114,270-143,326,-125,-273,-342,341294,199,39,196,-237,304-181,77,101,274,185,326
328,240,225,-90,-134,113198,-222,14,-176,-250,69-227,-157,-65,213,-29,-98161,-226,125,89,-227,154
-5,73,-204,-263,23,-242198,-222,14,-176,-250,69-223,253,-267,55,332,-20195,-261,-218,-292,289,151
-5,73,-204,-263,23,-242198,-222,14,-176,-250,69-227,-157,-65,213,-29,-98161,-226,125,89,-227,154
-154,-323,12,121,-327,224-282,299,-55,-46,198,-5332,306,-338,-305,244,-346-37,-190,-138,-187,-184,-306
-154,-323,12,121,-327,224-233,63,-37,306,183,-92190,-126,-344,272,-129,37298,337,-36,-184,-167,-6
-154,-323,12,121,-327,224-285,-48,-158,-232,162,-9936,290,170,335,126,-344249,-340,357,165,-352,354
328,240,225,-90,-134,113-282,299,-55,-46,198,-5322,225,-338,206,193,-56-181,77,101,274,185,326
87,105,-212,-254,219,170172,-158,-350,278,-143,-136224,250,-95,-292,-148,-153-37,-190,-138,-187,-184,-306
175,-352,343,-237,127,-216180,308,-84,94,81,-91-160,-28,-20,-221,-288,351-84,-271,-215,235,119,-221
26,202,76,-75,359,122198,-222,14,-176,-250,69190,-126,-344,272,-129,37-181,77,101,274,185,326
133,-31,202,273,332,344198,-222,14,-176,-250,69224,250,-95,-292,-148,-153-181,77,101,274,185,326
-5,73,-204,-263,23,-242-259,-129,-171,235,-242,125190,-126,-344,272,-129,37-237,2,-351,-328,-219,-195
-64,0,-223,-297,121,269-271,137,49,-359,-153,42190,-126,-344,272,-129,37355,359,-295,-7,33,-163
-64,0,-223,-297,121,269-143,326,-125,-273,-342,341-138,-235,-149,19,87,-3355,359,-295,-7,33,-163
-5,73,-204,-263,23,-242-231,-197,298,123,-7,297-223,253,-267,55,332,-20355,359,-295,-7,33,-163
175,-352,343,-237,127,-216172,-158,-350,278,-143,-13684,-137,-57,225,-317,-117161,-226,125,89,-227,154
87,105,-212,-254,219,170198,-222,14,-176,-250,6922,225,-338,206,193,-56355,359,-295,-7,33,-163
-102,-259,225,35,234,158-285,-48,-158,-232,162,-99-183,182,-304,257,-174,-223-138,-85,339,71,357,-235
26,-11,-61,228,59,207198,-222,14,-176,-250,6936,290,170,335,126,-344-181,77,101,274,185,326
-154,-323,12,121,-327,224-271,137,49,-359,-153,42-183,182,-304,257,-174,-223-181,77,101,274,185,326
-154,-323,12,121,-327,224-271,137,49,-359,-153,42-183,182,-304,257,-174,-223-138,-85,339,71,357,-235
-154,-323,12,121,-327,224-143,326,-125,-273,-342,341-27,105,10,-189,302,-68-181,77,101,274,185,326
173,-231,307,192,-218,51198,-222,14,-176,-250,69224,250,-95,-292,-148,-153355,359,-295,-7,33,-163
-154,-323,12,121,-327,224-282,299,-55,-46,198,-53-160,-28,-20,-221,-288,351-16,-92,-250,321,-6,-358
Generation: 7
87,105,-212,-254,219,170-231,-197,298,123,-7,297294,199,39,196,-237,304-138,-85,339,71,357,-235
87,105,-212,-254,219,170-2,-198,1,195,-54,115190,-126,-344,272,-129,37-37,-190,-138,-187,-184,-306
87,105,-212,-254,219,170-271,137,49,-359,-153,42190,-126,-344,272,-129,37-16,-92,-250,321,-6,-358
87,105,-212,-254,219,170-271,137,49,-359,-153,42199,-216,-272,-165,-150,-37-138,-85,339,71,357,-235
168,77,166,-4,289,346-233,113,-173,218,-320,-298294,199,39,196,-237,304-16,-92,-250,321,-6,-358
168,77,166,-4,289,346-356,-44,-287,-203,-178,-350224,250,-95,-292,-148,-153-181,77,101,274,185,326
133,-31,202,273,332,344-233,113,-173,218,-320,-29884,-137,-57,225,-317,-117249,-340,357,165,-352,354
87,105,-212,-254,219,170-271,137,49,-359,-153,4261,327,245,-195,24,113355,359,-295,-7,33,-163
87,105,-212,-254,219,170-271,137,49,-359,-153,42196,-163,250,20,103,-117355,359,-295,-7,33,-163
87,105,-212,-254,219,170-271,137,49,-359,-153,42196,-163,250,20,103,-117355,359,-295,-7,33,-163
273,-334,-152,92,274,-359-271,137,49,-359,-153,4222,225,-338,206,193,-56298,337,-36,-184,-167,-6
87,105,-212,-254,219,170-271,137,49,-359,-153,4222,225,-338,206,193,-56-138,-85,339,71,357,-235
87,105,-212,-254,219,170-271,137,49,-359,-153,4222,225,-338,206,193,-56-138,-85,339,71,357,-235
168,77,166,-4,289,346-143,326,-125,-273,-342,34122,225,-338,206,193,-56-37,-190,-138,-187,-184,-306
168,77,166,-4,289,346-143,326,-125,-273,-342,34122,225,-338,206,193,-56-16,-92,-250,321,-6,-358
133,-31,202,273,332,344-271,137,49,-359,-153,42294,199,39,196,-237,304-16,-92,-250,321,-6,-358
168,77,166,-4,289,346-271,137,49,-359,-153,42294,199,39,196,-237,304355,359,-295,-7,33,-163
273,-334,-152,92,274,-359-2,-198,1,195,-54,115-183,182,-304,257,-174,-223298,337,-36,-184,-167,-6
87,105,-212,-254,219,170-95,36,-298,14,-227,-246190,-126,-344,272,-129,37-34,-54,-88,-288,103,197
26,-11,-61,228,59,207-259,-129,-171,235,-242,125190,-126,-344,272,-129,37-16,-92,-250,321,-6,-358
175,-352,343,-237,127,-216-271,137,49,-359,-153,42199,-216,-272,-165,-150,-37355,359,-295,-7,33,-163
217,-170,209,-275,100,10-271,137,49,-359,-153,42190,-126,-344,272,-129,37-37,-190,-138,-187,-184,-306
168,77,166,-4,289,346-271,137,49,-359,-153,42190,-126,-344,272,-129,37355,359,-295,-7,33,-163
175,-352,343,-237,127,-216-271,137,49,-359,-153,42196,-163,250,20,103,-117161,-226,125,89,-227,154
26,202,76,-75,359,122-231,-197,298,123,-7,297196,-163,250,20,103,-117-16,-92,-250,321,-6,-358
168,77,166,-4,289,346-271,137,49,-359,-153,42196,-163,250,20,103,-117-16,-92,-250,321,-6,-358
168,77,166,-4,289,346-356,-44,-287,-203,-178,-35022,225,-338,206,193,-56-37,-190,-138,-187,-184,-306
175,-352,343,-237,127,-216-259,-129,-171,235,-242,125224,250,-95,-292,-148,-153-16,-92,-250,321,-6,-358
87,105,-212,-254,219,170-143,326,-125,-273,-342,34136,290,170,335,126,-344249,-340,357,165,-352,354
133,-31,202,273,332,344-271,137,49,-359,-153,42-183,182,-304,257,-174,-223355,359,-295,-7,33,-163
168,77,166,-4,289,346-271,137,49,-359,-153,4222,225,-338,206,193,-56-181,77,101,274,185,326
217,-170,209,-275,100,10-143,326,-125,-273,-342,341-138,-235,-149,19,87,-3249,-340,357,165,-352,354
273,-334,-152,92,274,-359-143,326,-125,-273,-342,341-183,182,-304,257,-174,-223298,337,-36,-184,-167,-6
273,-334,-152,92,274,-359-282,299,-55,-46,198,-53-183,182,-304,257,-174,-223355,359,-295,-7,33,-163
217,-170,209,-275,100,10-2,-198,1,195,-54,115-183,182,-304,257,-174,-223-181,77,101,274,185,326
133,-31,202,273,332,344-271,137,49,-359,-153,42190,-126,-344,272,-129,37355,359,-295,-7,33,-163
133,-31,202,273,332,344-231,-197,298,123,-7,297190,-126,-344,272,-129,37-138,-85,339,71,357,-235
168,77,166,-4,289,346-271,137,49,-359,-153,4236,290,170,335,126,-344-37,-190,-138,-187,-184,-306
26,202,76,-75,359,122-130,-348,-136,325,314,-161190,-126,-344,272,-129,37193,157,222,-297,-156,-314
175,-352,343,-237,127,-216-282,299,-55,-46,198,-5322,225,-338,206,193,-56-37,-190,-138,-187,-184,-306
175,-352,343,-237,127,-216-282,299,-55,-46,198,-5322,225,-338,206,193,-56-37,-190,-138,-187,-184,-306
168,77,166,-4,289,346-102,215,-208,-206,189,-98294,199,39,196,-237,304-138,-85,339,71,357,-235
26,202,76,-75,359,122-282,299,-55,-46,198,-53190,-126,-344,272,-129,37-181,77,101,274,185,326
133,-31,202,273,332,344-102,215,-208,-206,189,-98190,-126,-344,272,-129,37193,157,222,-297,-156,-314
168,77,166,-4,289,346-282,299,-55,-46,198,-53190,-126,-344,272,-129,37193,157,222,-297,-156,-314
168,77,166,-4,289,346-77,-84,-82,-151,329,23484,-137,-57,225,-317,-117355,359,-295,-7,33,-163
175,-352,343,-237,127,-216-282,299,-55,-46,198,-53224,250,-95,-292,-148,-153-181,77,101,274,185,326
133,-31,202,273,332,344-285,-48,-158,-232,162,-99190,-126,-344,272,-129,37355,359,-295,-7,33,-163
175,-352,343,-237,127,-216-282,299,-55,-46,198,-53196,-163,250,20,103,-117-181,77,101,274,185,326
-159,0,-202,-282,72,5198,-222,14,-176,-250,69224,250,-95,-292,-148,-153-16,-92,-250,321,-6,-358
-159,0,-202,-282,72,5198,-222,14,-176,-250,69224,250,-95,-292,-148,-153-181,77,101,274,185,326
26,202,76,-75,359,122-77,-84,-82,-151,329,23422,225,-338,206,193,-56-37,-190,-138,-187,-184,-306
175,-352,343,-237,127,-216-282,299,-55,-46,198,-5322,225,-338,206,193,-56161,-226,125,89,-227,154
133,-31,202,273,332,344-282,299,-55,-46,198,-5332,306,-338,-305,244,-346-37,-190,-138,-187,-184,-306
133,-31,202,273,332,344-285,-48,-158,-232,162,-9922,225,-338,206,193,-5699,316,230,-298,326,19
168,77,166,-4,289,346-285,-48,-158,-232,162,-99316,40,-325,201,260,30899,316,230,-298,326,19
87,105,-212,-254,219,170-282,299,-55,-46,198,-53-27,105,10,-189,302,-68-181,77,101,274,185,326
-159,0,-202,-282,72,5198,-222,14,-176,-250,69294,199,39,196,-237,304-138,-85,339,71,357,-235
-159,0,-202,-282,72,5198,-222,14,-176,-250,69224,250,-95,-292,-148,-153-37,-190,-138,-187,-184,-306
87,105,-212,-254,219,170-282,299,-55,-46,198,-53190,-126,-344,272,-129,37-138,-85,339,71,357,-235
273,-334,-152,92,274,-359-233,63,-37,306,183,-92224,250,-95,-292,-148,-153-138,-85,339,71,357,-235
-5,73,-204,-263,23,-242161,135,296,-196,-333,-16736,290,170,335,126,-344-37,-190,-138,-187,-184,-306
87,105,-212,-254,219,170-282,299,-55,-46,198,-5322,225,-338,206,193,-56-181,77,101,274,185,326
87,105,-212,-254,219,170-285,-48,-158,-232,162,-99316,40,-325,201,260,30899,316,230,-298,326,19
87,105,-212,-254,219,170-130,-348,-136,325,314,-16122,225,-338,206,193,-56-138,-85,339,71,357,-235
87,105,-212,-254,219,170-77,-84,-82,-151,329,234196,-163,250,20,103,-117-16,-92,-250,321,-6,-358
26,202,76,-75,359,122-233,113,-173,218,-320,-29822,225,-338,206,193,-56-181,77,101,274,185,326
168,77,166,-4,289,346-259,-129,-171,235,-242,125-183,182,-304,257,-174,-223298,337,-36,-184,-167,-6
-102,-259,225,35,234,158-271,137,49,-359,-153,42190,-126,-344,272,-129,37-138,-85,339,71,357,-235
-184,80,269,-75,43,-62-271,137,49,-359,-153,42294,199,39,196,-237,304193,157,222,-297,-156,-314
-5,73,-204,-263,23,-242-259,-129,-171,235,-242,12522,225,-338,206,193,-56-37,-190,-138,-187,-184,-306
-64,0,-223,-297,121,269-2,-198,1,195,-54,115262,-312,-226,-166,234,256-16,-92,-250,321,-6,-358
-5,73,-204,-263,23,-242-95,36,-298,14,-227,-246294,199,39,196,-237,304-181,77,101,274,185,326
-201,45,-8,68,90,-198-143,326,-125,-273,-342,341224,250,-95,-292,-148,-153-181,77,101,274,185,326
-11,88,-144,-74,7,172-2,-198,1,195,-54,115190,-126,-344,272,-129,37-37,-190,-138,-187,-184,-306
-11,88,-144,-74,7,172-2,-198,1,195,-54,115190,-126,-344,272,-129,37-37,-190,-138,-187,-184,-306
-11,88,-144,-74,7,172-2,-198,1,195,-54,115190,-126,-344,272,-129,37-37,-190,-138,-187,-184,-306
-64,0,-223,-297,121,269-282,299,-55,-46,198,-53224,250,-95,-292,-148,-153-181,77,101,274,185,326
-64,0,-223,-297,121,269-233,63,-37,306,183,-92247,47,228,-27,-146,45-138,-85,339,71,357,-235
-5,73,-204,-263,23,-242-233,63,-37,306,183,-92294,199,39,196,-237,304-138,-85,339,71,357,-235
175,-352,343,-237,127,-216172,-158,-350,278,-143,-136-183,182,-304,257,-174,-223355,359,-295,-7,33,-163
133,-31,202,273,332,344198,-222,14,-176,-250,69-223,253,-267,55,332,-20355,359,-295,-7,33,-163
-154,-323,12,121,-327,224-233,113,-173,218,-320,-29832,306,-338,-305,244,-346-16,-92,-250,321,-6,-358
-250,-359,-9,-11,-32,242-143,326,-125,-273,-342,34120,275,24,-125,165,343-16,-92,-250,321,-6,-358
-102,-259,225,35,234,158198,-222,14,-176,-250,69-227,-157,-65,213,-29,-98-181,77,101,274,185,326
-73,-148,-158,-16,-289,67-271,137,49,-359,-153,42294,199,39,196,-237,304355,359,-295,-7,33,-163
328,240,225,-90,-134,113198,-222,14,-176,-250,69-227,-157,-65,213,-29,-98161,-226,125,89,-227,154
-5,73,-204,-263,23,-242172,-158,-350,278,-143,-136-183,182,-304,257,-174,-223-37,-190,-138,-187,-184,-306
-154,-323,12,121,-327,224-282,299,-55,-46,198,-53190,-126,-344,272,-129,37-37,-190,-138,-187,-184,-306
328,240,225,-90,-134,113-143,326,-125,-273,-342,34122,225,-338,206,193,-56-16,-92,-250,321,-6,-358
-154,-323,12,121,-327,224-282,299,-55,-46,198,-5332,306,-338,-305,244,-346-16,-92,-250,321,-6,-358
328,240,225,-90,-134,113-282,299,-55,-46,198,-53294,199,39,196,-237,304-37,-190,-138,-187,-184,-306
-184,80,269,-75,43,-62-271,137,49,-359,-153,42-183,182,-304,257,-174,-223-138,-85,339,71,357,-235
-64,0,-223,-297,121,269-271,137,49,-359,-153,42336,-97,-354,255,-272,-263355,359,-295,-7,33,-163
-64,0,-223,-297,121,269-271,137,49,-359,-153,42-183,182,-304,257,-174,-223-138,-85,339,71,357,-235
175,-352,343,-237,127,-216172,-158,-350,278,-143,-13684,-137,-57,225,-317,-117161,-226,125,89,-227,154
-11,88,-144,-74,7,172-285,-48,-158,-232,162,-99-183,182,-304,257,-174,-223355,359,-295,-7,33,-163
26,-11,-61,228,59,207198,-222,14,-176,-250,6936,290,170,335,126,-344-181,77,101,274,185,326
-250,-359,-9,-11,-32,242-231,-197,298,123,-7,297190,-126,-344,272,-129,37355,359,-295,-7,33,-163
-154,-323,12,121,-327,224-282,299,-55,-46,198,-53-183,182,-304,257,-174,-223-181,77,101,274,185,326
Generation: 8
87,105,-212,-254,219,170-2,-198,1,195,-54,115190,-126,-344,272,-129,37-37,-190,-138,-187,-184,-306
87,105,-212,-254,219,170-271,137,49,-359,-153,42199,-216,-272,-165,-150,-3799,316,230,-298,326,19
87,105,-212,-254,219,170-271,137,49,-359,-153,42224,250,-95,-292,-148,-153-181,77,101,274,185,326
26,202,76,-75,359,122-143,326,-125,-273,-342,341190,-126,-344,272,-129,37-16,-92,-250,321,-6,-358
133,-31,202,273,332,344-259,-129,-171,235,-242,125190,-126,-344,272,-129,37-37,-190,-138,-187,-184,-306
168,77,166,-4,289,346-233,113,-173,218,-320,-298190,-126,-344,272,-129,37-16,-92,-250,321,-6,-358
133,-31,202,273,332,344-233,113,-173,218,-320,-29884,-137,-57,225,-317,-117249,-340,357,165,-352,354
87,105,-212,-254,219,170-271,137,49,-359,-153,42196,-163,250,20,103,-117-16,-92,-250,321,-6,-358
87,105,-212,-254,219,170-2,-198,1,195,-54,115262,-312,-226,-166,234,256-16,-92,-250,321,-6,-358
87,105,-212,-254,219,170-271,137,49,-359,-153,4222,225,-338,206,193,-56-138,-85,339,71,357,-235
87,105,-212,-254,219,170-271,137,49,-359,-153,4222,225,-338,206,193,-56-138,-85,339,71,357,-235
168,77,166,-4,289,346-356,-44,-287,-203,-178,-350196,-163,250,20,103,-117-37,-190,-138,-187,-184,-306
26,202,76,-75,359,122-143,326,-125,-273,-342,34122,225,-338,206,193,-56193,157,222,-297,-156,-314
168,77,166,-4,289,346-143,326,-125,-273,-342,34122,225,-338,206,193,-56-37,-190,-138,-187,-184,-306
175,-352,343,-237,127,-216-259,-129,-171,235,-242,12522,225,-338,206,193,-56-16,-92,-250,321,-6,-358
168,77,166,-4,289,346-143,326,-125,-273,-342,34122,225,-338,206,193,-56-16,-92,-250,321,-6,-358
26,202,76,-75,359,122-233,113,-173,218,-320,-29822,225,-338,206,193,-56-181,77,101,274,185,326
26,202,76,-75,359,122-231,-197,298,123,-7,297247,47,228,-27,-146,45-138,-85,339,71,357,-235
273,-334,-152,92,274,-359-2,-198,1,195,-54,115-183,182,-304,257,-174,-223-16,-92,-250,321,-6,-358
273,-334,-152,92,274,-359-143,326,-125,-273,-342,341224,250,-95,-292,-148,-153-37,-190,-138,-187,-184,-306
87,105,-212,-254,219,170-95,36,-298,14,-227,-246190,-126,-344,272,-129,37-16,-92,-250,321,-6,-358
87,105,-212,-254,219,170-95,36,-298,14,-227,-246190,-126,-344,272,-129,37-34,-54,-88,-288,103,197
87,105,-212,-254,219,170-231,-197,298,123,-7,297294,199,39,196,-237,304-16,-92,-250,321,-6,-358
87,105,-212,-254,219,170-95,36,-298,14,-227,-246294,199,39,196,-237,304-138,-85,339,71,357,-235
168,77,166,-4,289,346-271,137,49,-359,-153,42190,-126,-344,272,-129,37355,359,-295,-7,33,-163
168,77,166,-4,289,346-271,137,49,-359,-153,42199,-216,-272,-165,-150,-37-138,-85,339,71,357,-235
217,-170,209,-275,100,10-271,137,49,-359,-153,42190,-126,-344,272,-129,37-37,-190,-138,-187,-184,-306
168,77,166,-4,289,346-231,-197,298,123,-7,297190,-126,-344,272,-129,3799,316,230,-298,326,19
175,-352,343,-237,127,-216-271,137,49,-359,-153,42224,250,-95,-292,-148,-153-16,-92,-250,321,-6,-358
175,-352,343,-237,127,-216-271,137,49,-359,-153,42196,-163,250,20,103,-117-181,77,101,274,185,326
175,-352,343,-237,127,-216-231,-197,298,123,-7,297196,-163,250,20,103,-117-181,77,101,274,185,326
87,105,-212,-254,219,170-95,36,-298,14,-227,-24622,225,-338,206,193,-56-34,-54,-88,-288,103,197
87,105,-212,-254,219,170-233,113,-173,218,-320,-29822,225,-338,206,193,-56-16,-92,-250,321,-6,-358
87,105,-212,-254,219,170-143,326,-125,-273,-342,34136,290,170,335,126,-344-138,-85,339,71,357,-235
273,-334,-152,92,274,-359-233,113,-173,218,-320,-29822,225,-338,206,193,-56355,359,-295,-7,33,-163
175,-352,343,-237,127,-216-271,137,49,-359,-153,42316,40,-325,201,260,308355,359,-295,-7,33,-163
168,77,166,-4,289,346-271,137,49,-359,-153,4222,225,-338,206,193,-56355,359,-295,-7,33,-163
168,77,166,-4,289,346-271,137,49,-359,-153,4222,225,-338,206,193,-56355,359,-295,-7,33,-163
175,-352,343,-237,127,-216-282,299,-55,-46,198,-53-227,-157,-65,213,-29,-98-181,77,101,274,185,326
217,-170,209,-275,100,10-143,326,-125,-273,-342,341-27,105,10,-189,302,-68-181,77,101,274,185,326
87,105,-212,-254,219,170-143,326,-125,-273,-342,341-183,182,-304,257,-174,-223298,337,-36,-184,-167,-6
87,105,-212,-254,219,170-95,36,-298,14,-227,-246190,-126,-344,272,-129,37-34,-54,-88,-288,103,197
175,-352,343,-237,127,-216-271,137,49,-359,-153,42-183,182,-304,257,-174,-223355,359,-295,-7,33,-163
133,-31,202,273,332,344-2,-198,1,195,-54,115-183,182,-304,257,-174,-223298,337,-36,-184,-167,-6
217,-170,209,-275,100,10-2,-198,1,195,-54,115-183,182,-304,257,-174,-223-37,-190,-138,-187,-184,-306
133,-31,202,273,332,344-271,137,49,-359,-153,42-183,182,-304,257,-174,-223355,359,-295,-7,33,-163
26,202,76,-75,359,122-271,137,49,-359,-153,42294,199,39,196,-237,304-16,-92,-250,321,-6,-358
175,-352,343,-237,127,-216-102,215,-208,-206,189,-98224,250,-95,-292,-148,-153-181,77,101,274,185,326
168,77,166,-4,289,346-285,-48,-158,-232,162,-99294,199,39,196,-237,304-16,-92,-250,321,-6,-358
133,-31,202,273,332,344-285,-48,-158,-232,162,-9922,225,-338,206,193,-5699,316,230,-298,326,19
168,77,166,-4,289,346-102,215,-208,-206,189,-98294,199,39,196,-237,304-16,-92,-250,321,-6,-358
175,-352,343,-237,127,-216-282,299,-55,-46,198,-53224,250,-95,-292,-148,-153-181,77,101,274,185,326
133,-31,202,273,332,344-285,-48,-158,-232,162,-99190,-126,-344,272,-129,37355,359,-295,-7,33,-163
133,-31,202,273,332,344-77,-84,-82,-151,329,23484,-137,-57,225,-317,-117-37,-190,-138,-187,-184,-306
175,-352,343,-237,127,-216-282,299,-55,-46,198,-5384,-137,-57,225,-317,-117161,-226,125,89,-227,154
175,-352,343,-237,127,-216-282,299,-55,-46,198,-53190,-126,-344,272,-129,37161,-226,125,89,-227,154
26,202,76,-75,359,122-282,299,-55,-46,198,-53190,-126,-344,272,-129,37-181,77,101,274,185,326
133,-31,202,273,332,344-282,299,-55,-46,198,-53190,-126,-344,272,-129,37193,157,222,-297,-156,-314
168,77,166,-4,289,346-102,215,-208,-206,189,-98199,-216,-272,-165,-150,-37-138,-85,339,71,357,-235
133,-31,202,273,332,344-77,-84,-82,-151,329,234190,-126,-344,272,-129,37-16,-92,-250,321,-6,-358
168,77,166,-4,289,346-285,-48,-158,-232,162,-99190,-126,-344,272,-129,37-16,-92,-250,321,-6,-358
133,-31,202,273,332,344-282,299,-55,-46,198,-53190,-126,-344,272,-129,37-181,77,101,274,185,326
175,-352,343,-237,127,-216-282,299,-55,-46,198,-53196,-163,250,20,103,-117-181,77,101,274,185,326
-159,0,-202,-282,72,5198,-222,14,-176,-250,69190,-126,-344,272,-129,37355,359,-295,-7,33,-163
133,-31,202,273,332,344-285,-48,-158,-232,162,-99262,-312,-226,-166,234,256355,359,-295,-7,33,-163
133,-31,202,273,332,344-285,-48,-158,-232,162,-9922,225,-338,206,193,-5699,316,230,-298,326,19
168,77,166,-4,289,346-282,299,-55,-46,198,-5322,225,-338,206,193,-56355,359,-295,-7,33,-163
26,202,76,-75,359,122-77,-84,-82,-151,329,23422,225,-338,206,193,-56-37,-190,-138,-187,-184,-306
-159,0,-202,-282,72,5198,-222,14,-176,-250,69190,-126,-344,272,-129,37-37,-190,-138,-187,-184,-306
26,-11,-61,228,59,207-282,299,-55,-46,198,-53196,-163,250,20,103,-117-181,77,101,274,185,326
87,105,-212,-254,219,170-102,215,-208,-206,189,-98190,-126,-344,272,-129,37-138,-85,339,71,357,-235
-5,73,-204,-263,23,-242161,135,296,-196,-333,-167196,-163,250,20,103,-117-16,-92,-250,321,-6,-358
133,-31,202,273,332,344-285,-48,-158,-232,162,-99196,-163,250,20,103,-11799,316,230,-298,326,19
87,105,-212,-254,219,170-282,299,-55,-46,198,-53294,199,39,196,-237,304-16,-92,-250,321,-6,-358
-5,73,-204,-263,23,-242-259,-129,-171,235,-242,125196,-163,250,20,103,-117355,359,-295,-7,33,-163
-184,80,269,-75,43,-62-271,137,49,-359,-153,42294,199,39,196,-237,304249,-340,357,165,-352,354
-11,88,-144,-74,7,172-231,-197,298,123,-7,297196,-163,250,20,103,-117-16,-92,-250,321,-6,-358
-5,73,-204,-263,23,-242-95,36,-298,14,-227,-246294,199,39,196,-237,304-138,-85,339,71,357,-235
-5,73,-204,-263,23,-242-259,-129,-171,235,-242,125294,199,39,196,-237,304298,337,-36,-184,-167,-6
-5,73,-204,-263,23,-242-95,36,-298,14,-227,-246294,199,39,196,-237,304-181,77,101,274,185,326
-11,88,-144,-74,7,172-143,326,-125,-273,-342,341190,-126,-344,272,-129,37-16,-92,-250,321,-6,-358
-159,0,-202,-282,72,5-143,326,-125,-273,-342,341224,250,-95,-292,-148,-153-16,-92,-250,321,-6,-358
-11,88,-144,-74,7,172-2,-198,1,195,-54,115294,199,39,196,-237,304-37,-190,-138,-187,-184,-306
-5,73,-204,-263,23,-242-233,63,-37,306,183,-92190,-126,-344,272,-129,37-181,77,101,274,185,326
-5,73,-204,-263,23,-242-233,63,-37,306,183,-92190,-126,-344,272,-129,37-138,-85,339,71,357,-235
-64,0,-223,-297,121,269-282,299,-55,-46,198,-53224,250,-95,-292,-148,-153-181,77,101,274,185,326
-64,0,-223,-297,121,269-233,63,-37,306,183,-92247,47,228,-27,-146,45-138,-85,339,71,357,-235
-11,88,-144,-74,7,172-282,299,-55,-46,198,-53196,-163,250,20,103,-117-37,-190,-138,-187,-184,-306
-11,88,-144,-74,7,172-285,-48,-158,-232,162,-9922,225,-338,206,193,-56-37,-190,-138,-187,-184,-306
175,-352,343,-237,127,-216172,-158,-350,278,-143,-136-227,-157,-65,213,-29,-98161,-226,125,89,-227,154
133,-31,202,273,332,344198,-222,14,-176,-250,69-223,253,-267,55,332,-20355,359,-295,-7,33,-163
-11,88,-144,-74,7,172172,-158,-350,278,-143,-136-183,182,-304,257,-174,-223355,359,-295,-7,33,-163
273,-334,-152,92,274,-359-282,299,-55,-46,198,-53224,250,-95,-292,-148,-153-181,77,101,274,185,326
-154,-323,12,121,-327,224-282,299,-55,-46,198,-53190,-126,-344,272,-129,37-37,-190,-138,-187,-184,-306
-154,-323,12,121,-327,224-282,299,-55,-46,198,-5332,306,-338,-305,244,-346-181,77,101,274,185,326
328,240,225,-90,-134,113-282,299,-55,-46,198,-53224,250,-95,-292,-148,-153-181,77,101,274,185,326
175,-352,343,-237,127,-216172,-158,-350,278,-143,-136199,-216,-272,-165,-150,-37161,-226,125,89,-227,154
-64,0,-223,-297,121,269-233,63,-37,306,183,-92-183,182,-304,257,-174,-223298,337,-36,-184,-167,-6
-5,73,-204,-263,23,-242-282,299,-55,-46,198,-5336,290,170,335,126,-344-37,-190,-138,-187,-184,-306
-159,0,-202,-282,72,5-143,326,-125,-273,-342,341-183,182,-304,257,-174,-223298,337,-36,-184,-167,-6
Generation: 9
273,-334,-152,92,274,-359-231,-197,298,123,-7,297294,199,39,196,-237,304-16,-92,-250,321,-6,-358
273,-334,-152,92,274,-359-271,137,49,-359,-153,42224,250,-95,-292,-148,-153-37,-190,-138,-187,-184,-306
217,-170,209,-275,100,10-259,-129,-171,235,-242,125190,-126,-344,272,-129,37-37,-190,-138,-187,-184,-306
168,77,166,-4,289,346-95,36,-298,14,-227,-246190,-126,-344,272,-129,37-34,-54,-88,-288,103,197
26,202,76,-75,359,122-233,113,-173,218,-320,-298190,-126,-344,272,-129,37-37,-190,-138,-187,-184,-306
87,105,-212,-254,219,170-271,137,49,-359,-153,4236,290,170,335,126,-344-138,-85,339,71,357,-235
87,105,-212,-254,219,170-271,137,49,-359,-153,42294,199,39,196,-237,304-34,-54,-88,-288,103,197
87,105,-212,-254,219,170-271,137,49,-359,-153,42196,-163,250,20,103,-117355,359,-295,-7,33,-163
168,77,166,-4,289,346-233,113,-173,218,-320,-298196,-163,250,20,103,-117-37,-190,-138,-187,-184,-306
133,-31,202,273,332,344-143,326,-125,-273,-342,34136,290,170,335,126,-34499,316,230,-298,326,19
133,-31,202,273,332,344-356,-44,-287,-203,-178,-350196,-163,250,20,103,-117355,359,-295,-7,33,-163
133,-31,202,273,332,344-259,-129,-171,235,-242,125196,-163,250,20,103,-117-37,-190,-138,-187,-184,-306
168,77,166,-4,289,346-356,-44,-287,-203,-178,-350196,-163,250,20,103,-11799,316,230,-298,326,19
26,202,76,-75,359,122-231,-197,298,123,-7,297294,199,39,196,-237,304-138,-85,339,71,357,-235
168,77,166,-4,289,346-271,137,49,-359,-153,42294,199,39,196,-237,304-16,-92,-250,321,-6,-358
87,105,-212,-254,219,170-271,137,49,-359,-153,42-183,182,-304,257,-174,-223298,337,-36,-184,-167,-6
273,-334,-152,92,274,-359-143,326,-125,-273,-342,341224,250,-95,-292,-148,-153-181,77,101,274,185,326
273,-334,-152,92,274,-359-143,326,-125,-273,-342,34184,-137,-57,225,-317,-117249,-340,357,165,-352,354
87,105,-212,-254,219,170-95,36,-298,14,-227,-246190,-126,-344,272,-129,37-138,-85,339,71,357,-235
87,105,-212,-254,219,170-95,36,-298,14,-227,-24684,-137,-57,225,-317,-117-138,-85,339,71,357,-235
87,105,-212,-254,219,170-95,36,-298,14,-227,-246190,-126,-344,272,-129,37-34,-54,-88,-288,103,197
87,105,-212,-254,219,170-95,36,-298,14,-227,-246190,-126,-344,272,-129,37-34,-54,-88,-288,103,197
87,105,-212,-254,219,170-95,36,-298,14,-227,-246190,-126,-344,272,-129,37-34,-54,-88,-288,103,197
87,105,-212,-254,219,170-95,36,-298,14,-227,-246190,-126,-344,272,-129,37-34,-54,-88,-288,103,197
87,105,-212,-254,219,170-95,36,-298,14,-227,-246190,-126,-344,272,-129,37-37,-190,-138,-187,-184,-306
273,-334,-152,92,274,-359-143,326,-125,-273,-342,341224,250,-95,-292,-148,-153355,359,-295,-7,33,-163
87,105,-212,-254,219,170-95,36,-298,14,-227,-24684,-137,-57,225,-317,-117-34,-54,-88,-288,103,197
87,105,-212,-254,219,170-95,36,-298,14,-227,-246294,199,39,196,-237,304-138,-85,339,71,357,-235
87,105,-212,-254,219,170-95,36,-298,14,-227,-246294,199,39,196,-237,304298,337,-36,-184,-167,-6
87,105,-212,-254,219,170-259,-129,-171,235,-242,125294,199,39,196,-237,304298,337,-36,-184,-167,-6
217,-170,209,-275,100,10-231,-197,298,123,-7,297190,-126,-344,272,-129,37-37,-190,-138,-187,-184,-306
175,-352,343,-237,127,-216-271,137,49,-359,-153,42224,250,-95,-292,-148,-153-16,-92,-250,321,-6,-358
168,77,166,-4,289,346-2,-198,1,195,-54,115190,-126,-344,272,-129,37-37,-190,-138,-187,-184,-306
133,-31,202,273,332,344-271,137,49,-359,-153,42190,-126,-344,272,-129,37-37,-190,-138,-187,-184,-306
175,-352,343,-237,127,-216-231,-197,298,123,-7,297196,-163,250,20,103,-117-181,77,101,274,185,326
168,77,166,-4,289,346-231,-197,298,123,-7,297196,-163,250,20,103,-11799,316,230,-298,326,19
168,77,166,-4,289,346-356,-44,-287,-203,-178,-350196,-163,250,20,103,-117355,359,-295,-7,33,-163
87,105,-212,-254,219,170-233,113,-173,218,-320,-29822,225,-338,206,193,-56-16,-92,-250,321,-6,-358
273,-334,-152,92,274,-359-95,36,-298,14,-227,-24622,225,-338,206,193,-56-138,-85,339,71,357,-235
273,-334,-152,92,274,-359-95,36,-298,14,-227,-24622,225,-338,206,193,-56-138,-85,339,71,357,-235
87,105,-212,-254,219,170-233,113,-173,218,-320,-29822,225,-338,206,193,-56-138,-85,339,71,357,-235
175,-352,343,-237,127,-216-143,326,-125,-273,-342,341224,250,-95,-292,-148,-153-37,-190,-138,-187,-184,-306
175,-352,343,-237,127,-216-356,-44,-287,-203,-178,-350-227,-157,-65,213,-29,-98-37,-190,-138,-187,-184,-306
87,105,-212,-254,219,170-143,326,-125,-273,-342,34136,290,170,335,126,-344355,359,-295,-7,33,-163
273,-334,-152,92,274,-359-233,113,-173,218,-320,-298196,-163,250,20,103,-117-37,-190,-138,-187,-184,-306
168,77,166,-4,289,346-271,137,49,-359,-153,4222,225,-338,206,193,-5699,316,230,-298,326,19
175,-352,343,-237,127,-216-271,137,49,-359,-153,4222,225,-338,206,193,-56-181,77,101,274,185,326
133,-31,202,273,332,344-271,137,49,-359,-153,4222,225,-338,206,193,-5699,316,230,-298,326,19
175,-352,343,-237,127,-216-271,137,49,-359,-153,4222,225,-338,206,193,-56355,359,-295,-7,33,-163
168,77,166,-4,289,346-271,137,49,-359,-153,4222,225,-338,206,193,-56-181,77,101,274,185,326
87,105,-212,-254,219,170-143,326,-125,-273,-342,341224,250,-95,-292,-148,-153-16,-92,-250,321,-6,-358
87,105,-212,-254,219,170-282,299,-55,-46,198,-53-227,-157,-65,213,-29,-98-181,77,101,274,185,326
168,77,166,-4,289,346-271,137,49,-359,-153,42-227,-157,-65,213,-29,-98161,-226,125,89,-227,154
133,-31,202,273,332,344-271,137,49,-359,-153,42-183,182,-304,257,-174,-223-37,-190,-138,-187,-184,-306
133,-31,202,273,332,344-271,137,49,-359,-153,42-183,182,-304,257,-174,-223298,337,-36,-184,-167,-6
133,-31,202,273,332,344-77,-84,-82,-151,329,234224,250,-95,-292,-148,-153-181,77,101,274,185,326
133,-31,202,273,332,344-77,-84,-82,-151,329,234190,-126,-344,272,-129,37-37,-190,-138,-187,-184,-306
168,77,166,-4,289,346-102,215,-208,-206,189,-98294,199,39,196,-237,30499,316,230,-298,326,19
133,-31,202,273,332,344-102,215,-208,-206,189,-98294,199,39,196,-237,304-37,-190,-138,-187,-184,-306
133,-31,202,273,332,344-77,-84,-82,-151,329,23484,-137,-57,225,-317,-117-37,-190,-138,-187,-184,-306
133,-31,202,273,332,344-285,-48,-158,-232,162,-9984,-137,-57,225,-317,-117-37,-190,-138,-187,-184,-306
133,-31,202,273,332,344-282,299,-55,-46,198,-5384,-137,-57,225,-317,-117-181,77,101,274,185,326
133,-31,202,273,332,344-282,299,-55,-46,198,-53190,-126,-344,272,-129,37-37,-190,-138,-187,-184,-306
133,-31,202,273,332,344-77,-84,-82,-151,329,23484,-137,-57,225,-317,-117355,359,-295,-7,33,-163
133,-31,202,273,332,344-77,-84,-82,-151,329,23484,-137,-57,225,-317,-117-37,-190,-138,-187,-184,-306
168,77,166,-4,289,346-102,215,-208,-206,189,-98190,-126,-344,272,-129,37355,359,-295,-7,33,-163
133,-31,202,273,332,344-77,-84,-82,-151,329,23484,-137,-57,225,-317,-117298,337,-36,-184,-167,-6
133,-31,202,273,332,344-77,-84,-82,-151,329,23484,-137,-57,225,-317,-117-37,-190,-138,-187,-184,-306
-11,88,-144,-74,7,172172,-158,-350,278,-143,-136294,199,39,196,-237,304355,359,-295,-7,33,-163
133,-31,202,273,332,344-282,299,-55,-46,198,-5332,306,-338,-305,244,-346249,-340,357,165,-352,354
133,-31,202,273,332,344-285,-48,-158,-232,162,-9922,225,-338,206,193,-56-37,-190,-138,-187,-184,-306
168,77,166,-4,289,346-282,299,-55,-46,198,-5322,225,-338,206,193,-56-181,77,101,274,185,326
-159,0,-202,-282,72,5198,-222,14,-176,-250,69190,-126,-344,272,-129,37-34,-54,-88,-288,103,197
87,105,-212,-254,219,170-285,-48,-158,-232,162,-9922,225,-338,206,193,-56-37,-190,-138,-187,-184,-306
87,105,-212,-254,219,170-102,215,-208,-206,189,-98190,-126,-344,272,-129,37-34,-54,-88,-288,103,197
87,105,-212,-254,219,170-282,299,-55,-46,198,-53190,-126,-344,272,-129,37-37,-190,-138,-187,-184,-306
87,105,-212,-254,219,170-282,299,-55,-46,198,-53190,-126,-344,272,-129,37-181,77,101,274,185,326
-5,73,-204,-263,23,-242161,135,296,-196,-333,-167196,-163,250,20,103,-117-16,-92,-250,321,-6,-358
87,105,-212,-254,219,170-282,299,-55,-46,198,-53196,-163,250,20,103,-117-138,-85,339,71,357,-235
175,-352,343,-237,127,-216-271,137,49,-359,-153,42-227,-157,-65,213,-29,-98-138,-85,339,71,357,-235
-184,80,269,-75,43,-62-271,137,49,-359,-153,42294,199,39,196,-237,304249,-340,357,165,-352,354
-5,73,-204,-263,23,-242-233,113,-173,218,-320,-298294,199,39,196,-237,304355,359,-295,-7,33,-163
-5,73,-204,-263,23,-242-233,63,-37,306,183,-92190,-126,-344,272,-129,37-181,77,101,274,185,326
-5,73,-204,-263,23,-242-233,63,-37,306,183,-92190,-126,-344,272,-129,37-181,77,101,274,185,326
-5,73,-204,-263,23,-242-233,63,-37,306,183,-92190,-126,-344,272,-129,37298,337,-36,-184,-167,-6
-64,0,-223,-297,121,269-77,-84,-82,-151,329,234224,250,-95,-292,-148,-153-37,-190,-138,-187,-184,-306
-5,73,-204,-263,23,-242-102,215,-208,-206,189,-98190,-126,-344,272,-129,37-16,-92,-250,321,-6,-358
-5,73,-204,-263,23,-242-102,215,-208,-206,189,-98294,199,39,196,-237,304-16,-92,-250,321,-6,-358
-5,73,-204,-263,23,-242-282,299,-55,-46,198,-53294,199,39,196,-237,304298,337,-36,-184,-167,-6
-5,73,-204,-263,23,-242-282,299,-55,-46,198,-53294,199,39,196,-237,304-16,-92,-250,321,-6,-358
-64,0,-223,-297,121,269-233,63,-37,306,183,-92247,47,228,-27,-146,45-16,-92,-250,321,-6,-358
-64,0,-223,-297,121,269-233,63,-37,306,183,-92247,47,228,-27,-146,45-16,-92,-250,321,-6,-358
-11,88,-144,-74,7,172-282,299,-55,-46,198,-53196,-163,250,20,103,-117-181,77,101,274,185,326
87,105,-212,-254,219,170-231,-197,298,123,-7,297247,47,228,-27,-146,45-138,-85,339,71,357,-235
328,240,225,-90,-134,113-282,299,-55,-46,198,-53224,250,-95,-292,-148,-153-37,-190,-138,-187,-184,-306
-11,88,-144,-74,7,172-143,326,-125,-273,-342,341-183,182,-304,257,-174,-223-16,-92,-250,321,-6,-358
-5,73,-204,-263,23,-242-95,36,-298,14,-227,-246-183,182,-304,257,-174,-223-181,77,101,274,185,326
-5,73,-204,-263,23,-242-95,36,-298,14,-227,-246190,-126,-344,272,-129,37-34,-54,-88,-288,103,197
175,-352,343,-237,127,-216172,-158,-350,278,-143,-136196,-163,250,20,103,-117-16,-92,-250,321,-6,-358
87,105,-212,-254,219,170161,135,296,-196,-333,-167196,-163,250,20,103,-117-16,-92,-250,321,-6,-358
